track name="tb_ncbiRefSeq" description="table browser query on ncbiRefSeq" visibility=3 url= 
chrA1	153604101	153756235	XM_011284523.3	0	-	153608523	153700000	0	11	4744,136,130,24,173,48,187,144,204,196,216,	0,10295,11025,12044,13621,30576,32691,42085,76454,95845,151918,
chrA1	153604101	153756235	XM_019836558.2	0	-	153608523	153700000	0	10	4744,136,130,173,48,187,144,204,196,216,	0,10295,11025,13621,30576,32691,42085,76454,95845,151918,
chrA1	153604101	153756235	XM_019836581.2	0	-	153608523	153700000	0	10	4648,136,130,173,48,187,144,204,196,216,	0,10295,11025,13621,30576,32691,42085,76454,95845,151918,
chrA1	153604101	153756236	XM_019836553.2	0	-	153608523	153700000	0	11	4744,136,130,24,173,48,178,144,204,196,217,	0,10295,11025,12044,13621,30576,32700,42085,76454,95845,151918,
chrA1	153604101	153756237	XM_019836564.2	0	-	153608523	153700000	0	10	4744,136,130,173,48,187,138,204,196,218,	0,10295,11025,13621,30576,32691,41888,76454,95845,151918,
chrA1	153604101	153756239	XM_019836585.2	0	-	153608523	153700000	0	11	4744,136,130,173,48,187,138,60,204,196,220,	0,10295,11025,13621,30576,32691,41888,42169,76454,95845,151918,
chrA1	153608523	153702116	XM_011284529.3	0	-	153608523	153700000	0	11	322,136,130,24,173,48,187,144,204,196,152,	0,5873,6603,7622,9199,26154,28269,37663,72032,91423,93441,
chrA1	153608523	153702116	XM_019836507.2	0	-	153608523	153700000	0	11	322,136,130,24,173,48,187,144,204,193,152,	0,5873,6603,7622,9199,26154,28269,37663,72032,91423,93441,
chrA1	153608523	153703108	XM_019836537.1	0	-	153608523	153700000	0	11	322,136,130,24,173,48,187,144,204,193,12,	0,5873,6603,7622,9199,26154,28269,37663,72032,91423,94573,
chrA1	153608523	153703392	XM_019836518.1	0	-	153608523	153700000	0	11	322,136,130,24,173,48,187,144,204,196,120,	0,5873,6603,7622,9199,26154,28269,37663,72032,91423,94749,
chrA1	153608523	153703399	XM_019836530.1	0	-	153608523	153700000	0	11	322,136,130,24,173,48,187,144,204,193,127,	0,5873,6603,7622,9199,26154,28269,37663,72032,91423,94749,
chrA1	153608523	153756235	XM_019836572.1	0	-	153608523	153700000	0	11	226,136,130,24,173,48,187,144,204,196,216,	0,5873,6603,7622,9199,26154,28269,37663,72032,91423,147496,
chrA1	153608523	153756235	XM_011284527.2	0	-	153608523	153700000	0	11	322,136,130,24,173,48,187,144,204,193,216,	0,5873,6603,7622,9199,26154,28269,37663,72032,91423,147496,
chrA1	153608523	153756238	XM_019836547.1	0	-	153608523	153700000	0	11	322,136,130,24,173,48,187,138,204,196,219,	0,5873,6603,7622,9199,26154,28269,37466,72032,91423,147496,
chrA1	153608523	153756242	XM_011284541.2	0	-	153608523	153700000	0	11	322,136,130,24,173,48,187,144,204,193,129,	0,5873,6603,7622,9199,26154,28269,37663,72032,91423,147590,
chrA1	153608523	153756243	XM_011284535.2	0	-	153608523	153700000	0	11	322,136,130,24,173,48,187,144,204,196,130,	0,5873,6603,7622,9199,26154,28269,37663,72032,91423,147590,
chrA1	153608523	153776014	XM_011284522.3	0	-	153608523	153700000	0	12	322,136,130,24,173,48,187,144,204,196,87,158,	0,5873,6603,7622,9199,26154,28269,37663,72032,91423,152078,167333,
chrA1	153608523	153776014	XM_019836497.2	0	-	153608523	153700000	0	12	322,136,130,24,173,48,187,144,204,193,87,158,	0,5873,6603,7622,9199,26154,28269,37663,72032,91423,152078,167333,
chrA1	153660268	153661995	XR_002160683.2	0	+	153661995	153661995	0	2	450,1061,	0,666,
chrA1	153756463	153757588	XR_002160685.1	0	+	153757588	153757588	0	2	109,437,	0,688,
chrA1	153762151	153883851	XR_002744358.1	0	+	153883851	153883851	0	4	517,62,114,3800,	0,14992,96021,117900,
chrA1	153762151	153883851	XR_002744355.1	0	+	153883851	153883851	0	5	517,107,62,114,3800,	0,10601,14992,96021,117900,
chrA1	153762151	153883851	XR_002744356.1	0	+	153883851	153883851	0	6	517,107,62,114,312,3800,	0,10601,14992,96021,112463,117900,
chrA1	153776468	153883851	XR_002744357.1	0	+	153883851	153883851	0	4	283,62,114,3800,	0,675,81704,103583,
chrA1	153900066	153909977	XR_002744360.1	0	+	153909977	153909977	0	3	2093,149,384,	0,8434,9527,
chrA1	154075821	154253449	XR_002160668.1	0	-	154253449	154253449	0	9	1569,142,86,193,90,25,92,81,100,	0,1930,4387,4611,5724,128257,142265,176733,177528,
chrA1	154075821	154253449	XR_002744363.1	0	-	154253449	154253449	0	8	1569,86,193,90,25,92,81,100,	0,4387,4611,5724,128257,142265,176733,177528,
chrA1	154075821	154253449	XR_002744362.1	0	-	154253449	154253449	0	8	1569,142,86,90,25,92,81,100,	0,1930,4387,5724,128257,142265,176733,177528,
chrA1	154075821	154253449	XR_002160676.1	0	-	154253449	154253449	0	9	1569,142,86,193,90,25,80,81,100,	0,1930,4387,4611,5724,128257,142277,176733,177528,
chrA1	154075821	154253449	XR_002160675.1	0	-	154253449	154253449	0	8	1569,142,86,193,90,25,81,100,	0,1930,4387,4611,5724,128257,176733,177528,
chrA1	154831162	154842355	XR_002743886.1	0	-	154842355	154842355	0	3	272,75,143,	0,565,11050,
chrA1	155039308	155056392	XM_003981145.5	0	-	155040044	155056276	0	5	780,192,115,136,133,	0,7520,13161,15040,16951,
chrA1	155097583	155115080	XM_003981146.5	0	-	155100479	155114592	0	2	3282,942,	0,16555,
chrA1	155115140	155158173	XM_019836704.2	0	+	155123356	155157626	0	8	179,141,130,57,51,80,147,634,	0,8192,10837,18576,21041,32319,36687,42399,
chrA1	155123356	155158173	XM_019836669.2	0	+	155123356	155157626	0	7	117,130,57,51,83,147,634,	0,2621,10360,12825,24100,28471,34183,
chrA1	155160640	155173766	XM_003981147.5	0	-	155163669	155170734	0	3	3695,263,307,	0,9839,12819,
chrA1	155173888	155768606	XM_023258343.1	0	+	155243240	155768287	0	94	204,144,99,63,185,150,96,105,114,566,271,330,177,224,127,186,181,164,124,267,127,218,744,374,177,181,203,130,81,140,610,216,216,245,182,812,210,131,100,180,164,94,33,79,139,142,263,176,125,158,147,108,265,123,223,205,147,256,203,177,183,180,165,118,124,139,186,233,149,202,220,240,150,474,144,175,136,1109,118,172,243,408,185,250,140,161,101,117,179,158,122,192,178,438,	0,1974,13917,14410,69350,71570,72827,75663,76560,78984,80099,81009,88113,90413,94767,94991,95927,96840,98083,99426,104997,105959,106798,109831,119746,125289,126382,130983,133940,135391,137819,141549,143289,144144,145625,146594,150107,157830,159460,160212,164358,168359,168885,170639,170820,171745,175525,178536,179776,182786,183034,183502,186538,187762,194023,194575,201396,203355,205315,206746,207787,209843,213655,214371,216543,217545,217858,218393,221798,223699,224420,227102,228628,229854,232529,235570,237275,239941,244535,245525,254967,258987,263665,268877,269646,271535,281594,387173,399393,496883,525462,582301,585331,594280,
chrA1	155173888	155768606	XM_023258340.1	0	+	155243240	155768287	0	94	204,144,99,147,185,150,96,105,114,566,271,330,177,224,127,186,181,164,124,267,127,218,744,374,177,181,203,130,81,140,610,216,216,245,182,812,210,131,100,180,164,94,33,79,139,142,263,176,125,158,147,108,265,123,223,205,147,256,203,177,183,180,165,118,124,139,186,233,149,202,220,240,150,474,144,175,136,1109,118,172,243,408,185,250,140,161,101,117,179,158,122,192,178,438,	0,1974,13917,14326,69350,71570,72827,75663,76560,78984,80099,81009,88113,90413,94767,94991,95927,96840,98083,99426,104997,105959,106798,109831,119746,125289,126382,130983,133940,135391,137819,141549,143289,144144,145625,146594,150107,157830,159460,160212,164358,168359,168885,170639,170820,171745,175525,178536,179776,182786,183034,183502,186538,187762,194023,194575,201396,203355,205315,206746,207787,209843,213655,214371,216543,217545,217858,218393,221798,223699,224420,227102,228628,229854,232529,235570,237275,239941,244535,245525,254967,258987,263665,268877,269646,271535,281594,387173,399393,496883,525462,582301,585331,594280,
chrA1	155202833	155442886	XM_023258360.1	0	+	155202960	155442783	0	80	149,185,150,96,105,114,566,271,330,177,224,127,186,181,164,124,267,127,218,744,374,177,181,203,130,81,140,610,216,216,245,182,812,210,131,100,180,164,94,33,79,139,142,263,176,125,158,147,108,265,123,223,205,147,256,203,177,183,180,165,118,124,139,186,233,149,202,220,240,150,474,144,175,136,1109,118,172,243,408,121,	0,40405,42625,43882,46718,47615,50039,51154,52064,59168,61468,65822,66046,66982,67895,69138,70481,76052,77014,77853,80886,90801,96344,97437,102038,104995,106446,108874,112604,114344,115199,116680,117649,121162,128885,130515,131267,135413,139414,139940,141694,141875,142800,146580,149591,150831,153841,154089,154557,157593,158817,165078,165630,172451,174410,176370,177801,178842,180898,184710,185426,187598,188600,188913,189448,192853,194754,195475,198157,199683,200909,203584,206625,208330,210996,215590,216580,226022,230042,239932,
chrA1	155202833	155699456	XM_023258353.1	0	+	155202960	155670897	0	87	149,185,150,96,105,114,566,271,330,177,224,127,186,181,164,124,267,127,218,744,374,177,181,203,130,81,140,610,216,216,245,182,812,210,131,100,180,164,94,33,79,139,142,263,176,125,158,147,108,265,123,223,205,147,256,203,177,183,180,165,118,124,139,186,233,149,202,220,240,150,474,144,175,136,1109,118,172,243,408,185,250,140,161,101,117,158,106,	0,40405,42625,43882,46718,47615,50039,51154,52064,59168,61468,65822,66046,66982,67895,69138,70481,76052,77014,77853,80886,90801,96344,97437,102038,104995,106446,108874,112604,114344,115199,116680,117649,121162,128885,130515,131267,135413,139414,139940,141694,141875,142800,146580,149591,150831,153841,154089,154557,157593,158817,165078,165630,172451,174410,176370,177801,178842,180898,184710,185426,187598,188600,188913,189448,192853,194754,195475,198157,199683,200909,203584,206625,208330,210996,215590,216580,226022,230042,234720,239932,240701,242590,252649,358228,467938,496517,
chrA1	155202833	155768606	XM_023258351.1	0	+	155202960	155768287	0	90	149,185,150,96,105,114,566,271,330,177,224,127,186,181,164,124,267,127,218,744,374,177,181,203,130,81,140,610,216,245,182,812,210,131,100,180,164,94,33,79,139,142,263,176,125,158,147,108,265,123,223,205,147,256,203,177,183,180,165,118,124,139,186,233,149,202,220,240,150,474,144,175,136,1109,118,172,243,408,185,250,140,161,101,117,179,158,122,192,178,438,	0,40405,42625,43882,46718,47615,50039,51154,52064,59168,61468,65822,66046,66982,67895,69138,70481,76052,77014,77853,80886,90801,96344,97437,102038,104995,106446,108874,114344,115199,116680,117649,121162,128885,130515,131267,135413,139414,139940,141694,141875,142800,146580,149591,150831,153841,154089,154557,157593,158817,165078,165630,172451,174410,176370,177801,178842,180898,184710,185426,187598,188600,188913,189448,192853,194754,195475,198157,199683,200909,203584,206625,208330,210996,215590,216580,226022,230042,234720,239932,240701,242590,252649,358228,370448,467938,496517,553356,556386,565335,
chrA1	155202833	155768606	XM_019836778.1	0	+	155202960	155768287	0	90	149,185,150,96,105,114,566,271,330,177,224,127,186,181,164,124,267,127,218,744,374,177,181,203,130,81,140,610,216,216,245,182,812,210,131,100,180,164,94,79,139,142,263,176,125,158,147,108,265,123,223,205,147,256,203,177,183,180,165,118,124,139,186,233,149,202,220,240,150,474,144,175,136,1109,118,172,243,408,185,250,140,161,101,117,179,158,122,192,178,438,	0,40405,42625,43882,46718,47615,50039,51154,52064,59168,61468,65822,66046,66982,67895,69138,70481,76052,77014,77853,80886,90801,96344,97437,102038,104995,106446,108874,112604,114344,115199,116680,117649,121162,128885,130515,131267,135413,139414,141694,141875,142800,146580,149591,150831,153841,154089,154557,157593,158817,165078,165630,172451,174410,176370,177801,178842,180898,184710,185426,187598,188600,188913,189448,192853,194754,195475,198157,199683,200909,203584,206625,208330,210996,215590,216580,226022,230042,234720,239932,240701,242590,252649,358228,370448,467938,496517,553356,556386,565335,
chrA1	155202833	155768606	XM_019836773.1	0	+	155202960	155768287	0	91	149,185,150,96,105,114,566,271,330,177,224,127,186,181,164,124,267,127,218,744,374,177,181,203,130,81,140,610,216,216,245,182,812,210,131,100,180,164,94,33,79,139,142,263,176,125,158,147,108,265,123,223,205,147,256,203,177,183,180,165,118,124,139,186,233,149,202,220,240,150,474,144,175,136,1109,118,172,243,408,185,250,140,161,101,117,179,158,122,192,178,438,	0,40405,42625,43882,46718,47615,50039,51154,52064,59168,61468,65822,66046,66982,67895,69138,70481,76052,77014,77853,80886,90801,96344,97437,102038,104995,106446,108874,112604,114344,115199,116680,117649,121162,128885,130515,131267,135413,139414,139940,141694,141875,142800,146580,149591,150831,153841,154089,154557,157593,158817,165078,165630,172451,174410,176370,177801,178842,180898,184710,185426,187598,188600,188913,189448,192853,194754,195475,198157,199683,200909,203584,206625,208330,210996,215590,216580,226022,230042,234720,239932,240701,242590,252649,358228,370448,467938,496517,553356,556386,565335,
chrA1	155203161	155768606	XM_023258347.1	0	+	155243240	155768287	0	91	85,185,150,96,105,114,566,271,330,177,224,127,186,181,164,124,267,127,218,744,374,177,181,203,130,81,140,610,216,216,245,182,812,210,131,100,180,164,94,33,79,139,142,263,176,125,158,147,108,265,123,223,205,147,256,203,177,183,180,165,118,124,139,186,233,149,202,220,240,150,474,144,175,136,1109,118,172,243,408,185,250,140,161,101,117,179,158,122,192,178,438,	0,40077,42297,43554,46390,47287,49711,50826,51736,58840,61140,65494,65718,66654,67567,68810,70153,75724,76686,77525,80558,90473,96016,97109,101710,104667,106118,108546,112276,114016,114871,116352,117321,120834,128557,130187,130939,135085,139086,139612,141366,141547,142472,146252,149263,150503,153513,153761,154229,157265,158489,164750,165302,172123,174082,176042,177473,178514,180570,184382,185098,187270,188272,188585,189120,192525,194426,195147,197829,199355,200581,203256,206297,208002,210668,215262,216252,225694,229714,234392,239604,240373,242262,252321,357900,370120,467610,496189,553028,556058,565007,
chrA1	169498631	169499448	XR_002744026.1	0	-	169499448	169499448	0	2	118,183,	0,634,
chrA1	169759342	169759501	XR_002736810.1	0	-	169759501	169759501	0	1	159,	0,
chrA1	169762684	169813495	XR_002744561.1	0	+	169813495	169813495	0	4	158,108,108,4220,	0,30543,37351,46591,
chrA1	169841170	169848274	XR_002161285.2	0	+	169848274	169848274	0	3	1054,168,1075,	0,4819,6029,
chrA1	169919668	170193968	XM_003981172.5	0	-	169923909	170193525	0	5	4363,81,66,293,568,	0,9546,10044,47618,273732,
chrA1	169919668	170195221	XM_006927864.4	0	-	169923909	170193525	0	4	4363,66,293,1821,	0,10044,47618,273732,
chrA1	170195533	170208094	XR_002161308.2	0	+	170208094	170208094	0	3	3196,46,4360,	0,5338,8201,
chrA1	170372784	170869315	XM_003981190.4	0	-	170375546	170869196	0	9	2903,143,77,131,108,132,258,123,1106,	0,21868,164063,316332,341821,451187,471618,476137,495425,
chrA1	170372784	170869315	XM_023258890.1	0	-	170375546	170869196	0	8	2903,143,77,131,132,258,123,1106,	0,21868,164063,316332,451187,471618,476137,495425,
chrA1	170549110	170574436	XR_002744595.1	0	+	170574436	170574436	0	3	1143,109,511,	0,21058,24815,
chrA1	170572148	170572255	XR_002736448.1	0	+	170572255	170572255	0	1	107,	0,
chrA3	50749	57775	XR_002740861.1	0	+	57775	57775	0	5	250,154,83,168,1394,	0,1675,2399,3994,5632,
chrA3	50749	57775	XR_002740860.1	0	+	57775	57775	0	4	250,154,83,3032,	0,1675,2399,3994,
chrA3	103555	105048	XR_002740805.1	0	-	105048	105048	0	2	137,897,	0,596,
chrA3	159912	193730	XM_023250927.1	0	+	160352	193700	0	2	858,236,	0,33582,
chrA3	242830	249582	XR_002740863.1	0	-	249582	249582	0	4	369,157,104,578,	0,1813,5858,6174,
chrA3	243973	249582	XR_002740862.1	0	-	249582	249582	0	3	827,104,578,	0,4715,5031,
chrA3	334427	356208	XM_019826177.1	0	-	336905	355906	0	6	2858,124,172,103,331,380,	0,6036,12279,13458,17229,21401,
chrA3	334427	356813	XM_023250929.1	0	-	336905	351963	0	7	2858,124,172,103,331,89,137,	0,6036,12279,13458,17229,17729,22249,
chrA3	334427	356813	XM_023250928.1	0	-	336905	351963	0	6	2858,124,172,103,331,137,	0,6036,12279,13458,17229,22249,
chrA3	367510	416226	XM_023250930.1	0	-	369290	399498	0	20	1921,144,104,92,222,84,63,69,63,155,270,188,215,114,91,135,930,248,63,42,	0,2278,4524,5263,6408,10820,11267,16017,16197,17289,20339,21136,22704,25767,26914,27559,29700,31945,32880,48674,
chrA3	367510	417847	XM_019826182.1	0	-	369290	407709	0	23	1921,144,104,92,222,84,63,69,63,155,270,188,215,114,91,135,930,248,63,31,55,101,323,	0,2278,4524,5263,6408,10820,11267,16017,16197,17289,20339,21136,22704,25767,26914,27559,29700,31945,32880,39124,40144,48674,50014,
chrA3	367510	434554	XM_019826181.1	0	-	369290	407709	0	23	1921,144,104,92,222,84,63,69,63,155,270,188,215,114,91,135,930,248,63,31,55,101,459,	0,2278,4524,5263,6408,10820,11267,16017,16197,17289,20339,21136,22704,25767,26914,27559,29700,31945,32880,39124,40144,48674,66585,
chrA3	367510	434991	XM_019826179.1	0	-	369290	407709	0	23	1921,144,104,92,222,84,63,69,63,155,270,188,215,114,91,135,930,248,63,31,55,101,413,	0,2278,4524,5263,6408,10820,11267,16017,16197,17289,20339,21136,22704,25767,26914,27559,29700,31945,32880,39124,40144,48674,67068,
chrA3	367510	438852	XM_019826178.2	0	-	369290	438801	0	23	1921,144,104,92,222,84,63,69,63,155,270,188,215,114,91,135,930,248,63,31,55,101,76,	0,2278,4524,5263,6408,10820,11267,16017,16197,17289,20339,21136,22704,25767,26914,27559,29700,31945,32880,39124,40144,48674,71266,
chrA3	367510	438853	XM_011280801.3	0	-	369290	438801	0	23	1921,144,104,92,222,84,63,69,63,155,270,125,215,114,91,135,930,248,63,31,55,101,77,	0,2278,4524,5263,6408,10820,11267,16017,16197,17289,20339,21136,22704,25767,26914,27559,29700,31945,32880,39124,40144,48674,71266,
chrA3	473822	474857	XM_003983288.1	0	+	473822	474857	0	1	1035,	0,
chrA3	479697	487572	XM_006929564.2	0	-	480405	486421	0	4	1232,356,265,615,	0,1328,6491,7260,
chrA3	479697	487576	XM_019826191.1	0	-	480405	481371	0	3	1232,356,619,	0,1328,7260,
chrA3	479697	487793	XM_019826188.1	0	-	480405	486421	0	5	1232,356,265,263,67,	0,1328,6491,7260,8029,
chrA3	479697	487793	XM_019826190.1	0	-	480405	486421	0	4	1232,356,265,67,	0,1328,6491,8029,
chrA3	479697	489502	XM_019826185.2	0	-	480405	488084	0	6	1232,356,297,67,84,313,	0,1328,6459,8029,8362,9492,
chrA3	479697	498620	XM_019826183.1	0	-	480405	497119	0	6	1232,356,297,67,188,89,	0,1328,6459,8029,17304,18834,
chrA3	479697	498631	XM_019826187.1	0	-	480405	487746	0	5	1232,356,297,67,100,	0,1328,6459,8029,18834,
chrA3	490938	497103	XR_002740866.1	0	+	497103	497103	0	6	1637,105,402,123,146,96,	0,2273,2537,3138,4938,6069,
chrA3	490941	494394	XR_002740865.1	0	+	494394	494394	0	5	1625,105,402,123,99,	0,2270,2534,3135,3354,
chrA3	490941	494394	XR_002740867.1	0	+	494394	494394	0	5	1632,105,402,123,99,	0,2270,2534,3135,3354,
chrA3	498091	504202	XM_023250931.1	0	+	501265	503591	0	6	62,100,122,75,235,803,	0,3104,3372,4832,4990,5308,
chrA3	498622	504202	XM_006929566.3	0	+	501265	503591	0	5	114,100,122,235,803,	0,2573,2841,4459,4777,
chrA3	498622	504202	XM_003983275.4	0	+	501265	503591	0	6	114,100,122,75,235,803,	0,2573,2841,4301,4459,4777,
chrA3	504912	513357	XM_003983289.5	0	-	505120	513234	0	10	217,72,147,155,57,131,91,106,63,195,	0,411,1095,1311,1927,2263,3586,4760,5190,8250,
chrA3	504912	513357	XM_006929567.4	0	-	505120	513234	0	10	217,72,144,155,57,131,91,106,63,195,	0,411,1095,1311,1927,2263,3586,4760,5190,8250,
chrA3	524495	526054	XM_023250932.1	0	+	524636	525943	0	3	499,326,612,	0,620,947,
chrA3	539184	586150	XM_023250933.1	0	-	539310	586033	0	21	279,127,115,92,134,177,120,139,122,123,219,119,163,157,95,156,177,79,119,169,188,	0,902,3050,4421,5242,5848,6582,8475,10281,15482,22417,23590,28207,29212,29825,37672,38059,39173,43222,44443,46778,
chrA3	586249	590334	XM_023250934.1	0	+	587617	590277	0	2	1732,377,	0,3708,
chrA3	586249	592515	XM_019826194.2	0	+	587617	591133	0	6	1732,77,182,131,141,1405,	0,2370,3708,4008,4520,4861,
chrA3	587788	592515	XM_003983277.5	0	+	587890	591133	0	5	193,182,172,141,1405,	0,2169,2428,2981,3322,
chrA3	588013	592515	XM_011280798.3	0	+	589719	591133	0	4	2126,172,141,1405,	0,2203,2756,3097,
chrA3	588023	592515	XM_019826195.2	0	+	589439	591133	0	5	1423,182,172,141,1405,	0,1934,2193,2746,3087,
chrA3	594787	606080	XM_023250935.1	0	+	596731	602756	0	17	53,126,143,129,695,227,72,147,125,93,99,171,195,102,63,99,3576,	0,1942,2357,2867,3115,3892,4235,4404,4714,4910,5209,5407,5807,6228,6632,7256,7717,
chrA3	606118	619386	XM_023250936.1	0	+	606321	619239	0	16	316,102,188,107,171,72,190,62,20,99,94,63,123,108,157,251,	0,1244,6519,6878,7100,7356,8570,8852,10914,11770,11941,12138,12305,12592,12768,13017,
chrA3	606120	619386	XM_023250938.1	0	+	606321	619239	0	15	314,188,107,171,72,190,62,20,99,94,63,123,108,157,251,	0,6517,6876,7098,7354,8568,8850,10912,11768,11939,12136,12303,12590,12766,13015,
chrA3	606121	619386	XM_023250939.1	0	+	606321	619239	0	15	313,188,107,171,72,190,62,17,99,94,63,123,108,157,251,	0,6516,6875,7097,7353,8567,8849,9648,11767,11938,12135,12302,12589,12765,13014,
chrA3	607212	619386	XM_023250937.1	0	+	607227	619239	0	16	44,102,188,107,171,72,190,62,20,99,94,63,123,108,157,251,	0,150,5425,5784,6006,6262,7476,7758,9820,10676,10847,11044,11211,11498,11674,11923,
chrA3	609108	619391	XM_006929569.4	0	+	609316	619239	0	15	513,188,107,171,72,190,62,20,99,94,63,123,108,157,256,	0,3529,3888,4110,4366,5580,5862,7924,8780,8951,9148,9315,9602,9778,10027,
chrA3	609109	619386	XM_006929570.4	0	+	609316	619239	0	15	512,188,107,171,72,190,62,17,99,94,63,123,108,157,251,	0,3528,3887,4109,4365,5579,5861,6660,8779,8950,9147,9314,9601,9777,10026,
chrA3	626745	637282	XM_003983279.4	0	-	628546	631039	0	5	1905,172,214,118,41,	0,2359,3174,4187,10496,
chrA3	628533	637283	XR_890110.3	0	-	637283	637283	0	6	117,74,172,214,118,42,	0,414,571,1386,2399,8708,
chrA3	667951	687830	XM_003983280.4	0	-	669512	687690	0	7	1657,49,102,60,149,146,159,	0,2154,7234,12076,13100,15249,19720,
chrA3	667951	687831	XM_006929574.4	0	-	669512	687690	0	8	1657,49,27,102,60,149,146,160,	0,2154,4174,7234,12076,13100,15249,19720,
chrA3	667951	687831	XM_003983281.5	0	-	669512	687690	0	6	1657,49,102,149,146,160,	0,2154,7234,13100,15249,19720,
chrA3	667951	687832	XM_019826198.2	0	-	669512	687690	0	9	1657,49,45,27,102,60,149,146,161,	0,2154,3241,4174,7234,12076,13100,15249,19720,
chrA3	667951	687832	XM_006929573.4	0	-	669512	687690	0	9	1657,49,42,27,102,60,149,146,161,	0,2154,3241,4174,7234,12076,13100,15249,19720,
chrA3	667951	687833	XM_019826199.2	0	-	669512	687690	0	8	1657,49,45,27,102,149,146,162,	0,2154,3241,4174,7234,13100,15249,19720,
chrA3	667951	687833	XM_006929575.4	0	-	669512	687690	0	8	1657,49,42,27,102,149,146,162,	0,2154,3241,4174,7234,13100,15249,19720,
chrA3	667951	687833	XM_006929576.4	0	-	669512	687690	0	7	1657,49,27,102,149,146,162,	0,2154,4174,7234,13100,15249,19720,
chrA3	669545	687834	XM_019826201.1	0	-	672125	687690	0	9	63,49,27,61,102,60,149,146,163,	0,560,2580,4107,5640,10482,11506,13655,18126,
chrA3	669582	687834	XR_002154257.1	0	-	687834	687834	0	10	26,49,42,27,61,102,60,149,146,163,	0,523,1610,2543,4070,5603,10445,11469,13618,18089,
chrA3	670105	687834	XM_019826202.1	0	-	672125	687690	0	9	49,45,27,61,102,60,149,146,163,	0,1087,2020,3547,5080,9922,10946,13095,17566,
chrA3	675181	687835	XM_019826203.1	0	-	675181	687690	0	4	106,149,146,164,	0,5870,8019,12490,
chrA3	689569	691332	XM_003983292.5	0	-	689798	691214	0	1	1763,	0,
chrA3	726290	784582	XM_006929577.4	0	+	747531	781373	0	5	1200,969,285,176,3581,	0,21209,32699,51816,54711,
chrA3	739740	784582	XM_023250941.1	0	+	747531	781373	0	4	252,969,176,3581,	0,7759,38366,41261,
chrA3	739743	784582	XM_003983282.5	0	+	747531	781373	0	5	249,969,285,176,3581,	0,7756,19246,38363,41258,
chrA3	784756	788784	XM_023250943.1	0	-	785561	788702	0	8	917,92,265,101,179,110,161,193,	0,1006,1182,1540,1713,2322,3351,3835,
chrA3	784756	788786	XM_023250942.1	0	-	785561	788702	0	8	917,92,268,101,179,110,161,195,	0,1006,1182,1540,1713,2322,3351,3835,
chrA3	789538	792549	XM_023250947.1	0	-	789829	791077	0	6	528,341,88,58,602,564,	0,610,1075,1233,1441,2447,
chrA3	789538	792549	XM_023250950.1	0	-	789829	790786	0	5	528,341,88,58,564,	0,610,1075,1233,2447,
chrA3	789538	792549	XM_023250948.1	0	-	789829	792121	0	3	528,341,564,	0,610,2447,
chrA3	792677	809330	XM_023250945.1	0	-	792964	808849	0	7	426,400,120,156,134,628,109,	0,639,1125,2115,2483,15588,16544,
chrA3	792677	809433	XM_023250946.1	0	-	792964	808849	0	7	426,400,120,156,134,628,97,	0,639,1125,2115,2483,15588,16659,
chrA3	809480	815391	XM_023250958.1	0	+	810109	815275	0	7	108,99,75,83,169,71,204,	0,623,947,1262,4512,4895,5707,
chrA3	809483	815391	XM_023250953.1	0	+	810109	815275	0	8	105,99,75,83,169,71,117,204,	0,620,944,1259,4509,4892,5517,5704,
chrA3	809483	817198	XM_023250951.1	0	+	810109	815412	0	7	105,99,88,83,169,71,2011,	0,620,944,1259,4509,4892,5704,
chrA3	809484	814994	XM_023250960.1	0	+	810109	814906	0	7	104,99,88,83,169,71,145,	0,619,943,1258,4508,4891,5365,
chrA3	809485	815304	XR_002740868.1	0	+	815304	815304	0	8	103,99,88,83,169,71,117,117,	0,618,942,1257,4507,4890,5515,5702,
chrA3	809486	815391	XM_023250956.1	0	+	810109	815275	0	8	102,99,75,83,82,71,117,204,	0,617,941,1256,4593,4889,5514,5701,
chrA3	809487	817198	XM_023250955.1	0	+	810109	815412	0	7	101,99,88,83,82,71,2011,	0,616,940,1255,4592,4888,5700,
chrA3	809489	815304	XM_023250959.1	0	+	810109	815092	0	8	99,99,75,83,169,71,101,117,	0,614,938,1253,4503,4886,5527,5698,
chrA3	809492	815391	XM_023250954.1	0	+	810109	815275	0	8	96,99,88,83,169,71,101,204,	0,611,935,1250,4500,4883,5524,5695,
chrA3	809495	815391	XM_023250957.1	0	+	810109	815275	0	8	93,99,88,83,82,71,101,204,	0,608,932,1247,4584,4880,5521,5692,
chrA3	809528	817198	XM_023250952.1	0	+	810109	815412	0	7	60,94,88,83,169,71,2011,	0,580,899,1214,4464,4847,5659,
chrA3	817153	819338	XM_019826214.2	0	-	817299	818727	0	3	430,204,1044,	0,836,1141,
chrA3	819576	852145	XM_023250944.1	0	-	819691	851202	0	37	196,101,135,162,237,117,141,199,96,158,148,124,116,147,78,78,86,41,114,133,82,75,56,98,79,39,115,39,66,85,76,61,82,94,193,250,116,	0,306,494,742,994,1412,2086,2421,3904,4598,4968,5206,5467,5658,6237,6666,6967,7206,7333,7550,9669,9823,12537,13195,13873,14019,21861,21977,23067,23682,24621,29158,29405,30062,30427,31524,32453,
chrA3	835280	838851	XR_002740869.1	0	+	838851	838851	0	2	1025,672,	0,2899,
chrA3	854564	863930	XM_023250961.1	0	+	854710	863600	0	5	165,96,176,192,390,	0,6196,6554,8000,8976,
chrA3	869081	874759	XR_002154262.2	0	-	874759	874759	0	2	462,712,	0,4966,
chrA3	873191	897011	XM_023250964.1	0	+	879242	895009	0	10	62,187,98,128,104,158,72,138,123,2661,	0,5995,9607,10203,15000,17428,19723,20043,20402,21159,
chrA3	873191	897011	XM_023250962.1	0	+	879242	895009	0	10	62,187,98,131,104,158,72,138,123,2661,	0,5995,9607,10200,15000,17428,19723,20043,20402,21159,
chrA3	874846	897011	XM_023250963.1	0	+	879242	895009	0	10	1147,187,98,131,104,158,72,138,123,2661,	0,4340,7952,8545,13345,15773,18068,18388,18747,19504,
chrA3	878149	897011	XM_019826227.2	0	+	879242	895009	0	10	261,187,98,131,104,158,72,138,123,2661,	0,1037,4649,5242,10042,12470,14765,15085,15444,16201,
chrA3	904162	925047	XM_023250967.1	0	+	911855	924492	0	20	1007,1101,184,108,521,642,784,76,3790,107,132,162,148,117,193,135,219,157,168,680,	0,7611,8981,9241,9711,10326,12031,13107,13266,17214,17409,17626,17869,18129,18351,18707,19044,19399,19671,20205,
chrA3	910634	925047	XM_023250965.1	0	+	911855	924492	0	20	101,1101,184,108,521,642,784,76,3790,107,132,162,148,117,193,135,219,157,168,680,	0,1139,2509,2769,3239,3854,5559,6635,6794,10742,10937,11154,11397,11657,11879,12235,12572,12927,13199,13733,
chrA3	910675	925047	XM_023250966.1	0	+	911855	924492	0	20	80,1101,184,108,521,642,784,76,3790,107,132,162,148,117,193,135,219,157,168,680,	0,1098,2468,2728,3198,3813,5518,6594,6753,10701,10896,11113,11356,11616,11838,12194,12531,12886,13158,13692,
chrA3	928476	930115	XM_019826228.2	0	-	928593	929595	0	2	1122,179,	0,1460,
chrA3	928476	930988	XM_019826230.2	0	-	928593	929595	0	2	1122,867,	0,1645,
chrA3	928476	930988	XM_019826232.2	0	-	928593	929595	0	2	1122,700,	0,1812,
chrA3	928476	931126	XM_006929587.4	0	-	928593	931125	0	2	1122,103,	0,2547,
chrA3	928476	931127	XM_019826229.2	0	-	928593	929595	0	2	1122,79,	0,2572,
chrA3	935188	943671	XM_019828008.2	0	+	935409	942074	0	8	583,122,164,184,159,182,157,1791,	0,3837,4427,5228,5519,6137,6409,6692,
chrA3	944737	954492	XM_019826235.2	0	+	945410	952789	0	8	903,122,161,154,162,182,154,1912,	0,2366,2801,3434,4640,5924,7346,7843,
chrA3	945237	952784	XM_011280791.3	0	+	945410	952659	0	8	403,122,161,154,162,182,154,313,	0,1866,2301,2934,4140,5424,6846,7234,
chrA3	945687	954492	XM_019826236.2	0	+	946133	952789	0	7	758,122,130,154,182,154,1912,	0,1416,1882,2484,4974,6396,6893,
chrA3	945691	954492	XM_019826233.2	0	+	946133	952789	0	8	754,122,130,154,162,182,154,1912,	0,1412,1878,2480,3686,4970,6392,6889,
chrA3	945695	952784	XM_019826234.2	0	+	946133	952659	0	8	750,122,130,154,162,182,154,313,	0,1408,1874,2476,3682,4966,6388,6776,
chrA3	954331	955922	XM_003983311.5	0	-	954648	955336	0	5	432,97,78,82,141,	0,509,704,950,1450,
chrA3	973828	983117	XM_023250968.1	0	+	975359	982837	0	8	131,222,180,297,151,257,235,408,	0,1453,3336,3932,5703,7117,8022,8881,
chrA3	988544	989732	XR_002740870.1	0	-	989732	989732	0	2	315,655,	0,533,
chrA3	994387	1048461	XM_023250986.1	0	+	994433	1042940	0	19	342,91,127,176,126,111,96,95,30,69,30,90,54,224,106,132,108,124,6214,	0,16719,17487,18029,18803,21782,22594,27204,28444,31272,34547,38373,38563,41786,42555,42994,44833,47484,47860,
chrA3	994388	1048461	XM_023250979.1	0	+	994433	1042940	0	16	341,91,127,176,126,111,96,95,69,30,188,109,132,108,124,6214,	0,16718,17486,18028,18802,21781,22593,27203,31271,34546,41821,42551,42993,44832,47483,47859,
chrA3	994388	1048461	XM_023250983.1	0	+	994433	1042940	0	15	341,91,127,176,126,111,96,95,69,30,224,106,132,124,6214,	0,16718,17486,18028,18802,21781,22593,27203,31271,34546,41785,42554,42993,47483,47859,
chrA3	994388	1048461	XM_023250975.1	0	+	994433	1042940	0	16	341,91,127,176,126,111,96,95,69,30,224,109,132,108,124,6214,	0,16718,17486,18028,18802,21781,22593,27203,31271,34546,41785,42551,42993,44832,47483,47859,
chrA3	994388	1048461	XM_023250971.1	0	+	994433	1042940	0	17	341,91,127,176,126,111,96,95,69,30,54,224,109,132,108,124,6214,	0,16718,17486,18028,18802,21781,22593,27203,31271,34546,38562,41785,42551,42993,44832,47483,47859,
chrA3	994388	1048461	XM_023250985.1	0	+	994433	1042940	0	16	341,91,127,176,126,111,96,95,30,69,30,188,106,132,124,6214,	0,16718,17486,18028,18802,21781,22593,27203,28443,31271,34546,41821,42554,42993,47483,47859,
chrA3	994388	1048461	XM_023250977.1	0	+	994433	1042940	0	17	341,91,127,176,126,111,96,95,30,69,30,188,106,132,108,124,6214,	0,16718,17486,18028,18802,21781,22593,27203,28443,31271,34546,41821,42554,42993,44832,47483,47859,
chrA3	994388	1048461	XM_023250974.1	0	+	994433	1042940	0	17	341,91,127,176,126,111,96,95,30,69,30,224,106,132,108,124,6214,	0,16718,17486,18028,18802,21781,22593,27203,28443,31271,34546,41785,42554,42993,44832,47483,47859,
chrA3	994388	1048461	XM_023250970.1	0	+	994433	1042940	0	18	341,91,127,176,126,111,96,95,30,69,30,54,224,106,132,108,124,6214,	0,16718,17486,18028,18802,21781,22593,27203,28443,31271,34546,38562,41785,42554,42993,44832,47483,47859,
chrA3	994388	1048461	XM_023250969.1	0	+	994433	1042940	0	18	341,91,127,176,126,111,96,95,30,69,30,54,224,109,132,108,124,6214,	0,16718,17486,18028,18802,21781,22593,27203,28443,31271,34546,38562,41785,42551,42993,44832,47483,47859,
chrA3	994389	1048461	XM_023250982.1	0	+	994433	1042940	0	15	340,91,127,176,126,111,96,95,69,30,224,109,132,124,6214,	0,16717,17485,18027,18801,21780,22592,27202,31270,34545,41784,42550,42992,47482,47858,
chrA3	994389	1048461	XM_023250984.1	0	+	994433	1042940	0	16	340,91,127,176,126,111,96,95,30,69,30,188,109,132,124,6214,	0,16717,17485,18027,18801,21780,22592,27202,28442,31270,34545,41820,42550,42992,47482,47858,
chrA3	994389	1048461	XM_023250976.1	0	+	994433	1042940	0	17	340,91,127,176,126,111,96,95,30,69,30,188,109,132,108,124,6214,	0,16717,17485,18027,18801,21780,22592,27202,28442,31270,34545,41820,42550,42992,44831,47482,47858,
chrA3	994389	1048461	XM_023250981.1	0	+	994433	1042940	0	16	340,91,127,176,126,111,96,95,30,69,30,224,106,132,124,6214,	0,16717,17485,18027,18801,21780,22592,27202,28442,31270,34545,41784,42553,42992,47482,47858,
chrA3	994389	1048461	XM_023250980.1	0	+	994433	1042940	0	16	340,91,127,176,126,111,96,95,30,69,30,224,109,132,124,6214,	0,16717,17485,18027,18801,21780,22592,27202,28442,31270,34545,41784,42550,42992,47482,47858,
chrA3	994389	1048461	XM_023250972.1	0	+	994433	1042940	0	17	340,91,127,176,126,111,96,95,30,69,30,224,109,132,108,124,6214,	0,16717,17485,18027,18801,21780,22592,27202,28442,31270,34545,41784,42550,42992,44831,47482,47858,
chrA3	994389	1048461	XM_023250978.1	0	+	994433	1042940	0	17	340,91,127,176,126,111,96,95,30,69,30,54,224,109,132,124,6214,	0,16717,17485,18027,18801,21780,22592,27202,28442,31270,34545,38561,41784,42550,42992,47482,47858,
chrA3	1075908	1089620	XM_023250987.1	0	+	1075908	1089330	0	6	82,152,45,110,1387,416,	0,1479,4671,4881,8871,13296,
chrA3	1080806	1089620	XM_019826238.2	0	+	1084924	1089330	0	3	93,1251,416,	0,4109,8398,
chrA3	73283002	73290852	XR_002154821.1	0	-	73290852	73290852	0	3	156,84,52,	0,5148,7798,
chrA3	73424376	73586005	XR_002740831.1	0	+	73586005	73586005	0	3	60,184,84,	0,80334,161545,
chrB2	1962982	1971048	XM_019830094.1	0	-	1963760	1969381	0	5	985,100,118,154,1566,	0,2206,3343,6245,6500,
chrB2	1962982	1971299	XM_019830095.2	0	-	1963760	1969381	0	5	985,100,118,154,245,	0,2206,3343,6245,8072,
chrB2	1962982	1972873	XM_023254695.1	0	-	1963760	1972177	0	5	985,100,118,154,786,	0,2206,3343,6245,9105,
chrB2	1980279	1982185	XR_002156798.1	0	+	1982185	1982185	0	2	254,1404,	0,502,
chrB2	1980279	1982354	XR_002156799.1	0	+	1982354	1982354	0	3	254,422,47,	0,502,2028,
chrB2	1980279	1982357	XR_002156801.1	0	+	1982357	1982357	0	3	254,422,47,	0,502,2031,
chrB2	1982379	2000683	XM_023254696.1	0	+	1984870	1999956	0	7	38,145,190,154,118,100,934,	0,1557,2337,9980,15524,16130,17370,
chrB2	1983885	2000683	XM_019830099.2	0	+	1984870	1999956	0	6	196,190,154,118,100,934,	0,831,8474,14018,14624,15864,
chrB2	1988522	2000683	XM_019830102.2	0	+	1992359	1999956	0	5	108,154,118,100,934,	0,3837,9381,9987,11227,
chrB2	1988871	2000683	XM_003985655.5	0	+	1988942	1999956	0	5	158,154,118,100,934,	0,3488,9032,9638,10878,
chrB2	2025555	2026500	XM_003985665.2	0	+	2025555	2026500	0	1	945,	0,
chrB2	2030055	2042267	XM_023254697.1	0	+	2030740	2042241	0	5	82,274,200,142,91,	0,598,874,1337,12121,
chrB2	2042228	2044967	XM_023254675.1	0	+	2042252	2044323	0	3	432,148,1351,	0,909,1388,
chrB2	2042228	2044967	XM_023254674.1	0	+	2042252	2044323	0	3	432,151,1351,	0,906,1388,
chrB2	2042228	2056160	XM_023254681.1	0	+	2042252	2048989	0	6	432,151,626,208,48,641,	0,906,1388,6710,10363,13291,
chrB2	2042228	2056160	XM_023254677.1	0	+	2042252	2048989	0	6	432,151,626,208,520,641,	0,906,1388,6710,10363,13291,
chrB2	2042228	2056160	XM_023254680.1	0	+	2042252	2048989	0	7	432,151,626,208,114,48,641,	0,906,1388,6710,7727,10363,13291,
chrB2	2042228	2056160	XM_023254679.1	0	+	2042252	2048989	0	8	432,151,626,208,114,48,90,641,	0,906,1388,6710,7727,10363,11906,13291,
chrB2	2042228	2056160	XM_023254676.1	0	+	2042252	2048989	0	7	432,151,626,208,114,520,641,	0,906,1388,6710,7727,10363,13291,
chrB2	2042228	2056160	XM_023254678.1	0	+	2042252	2048989	0	8	432,151,626,208,114,520,90,641,	0,906,1388,6710,7727,10363,11906,13291,
chrB2	2050078	2056160	XR_002156788.1	0	+	2056160	2056160	0	4	836,48,90,641,	0,2513,4056,5441,
chrB2	2050079	2056160	XR_002156789.1	0	+	2056160	2056160	0	2	835,641,	0,5440,
chrB2	2050080	2056160	XR_440224.2	0	+	2056160	2056160	0	3	834,48,641,	0,2511,5439,
chrB2	2050101	2056160	XR_440223.4	0	+	2056160	2056160	0	3	662,520,641,	0,2490,5418,
chrB2	2050361	2056160	XR_440222.3	0	+	2056160	2056160	0	3	553,520,641,	0,2230,5158,
chrB2	2050920	2056160	XR_002742573.1	0	+	2056160	2056160	0	3	1268,520,641,	0,1671,4599,
chrB2	2059165	2069207	XM_019830086.2	0	+	2060191	2068628	0	4	109,456,166,1898,	0,981,5984,8144,
chrB2	2059585	2069207	XM_006931332.4	0	+	2060191	2068628	0	4	113,456,166,1898,	0,561,5564,7724,
chrB2	2081760	2091549	XR_002157951.2	0	+	2091549	2091549	0	2	885,2224,	0,7565,
chrB2	2093668	2107554	XM_023254659.1	0	-	2094342	2106355	0	7	1537,124,83,148,456,54,1277,	0,2446,3544,4686,6349,11211,12609,
chrB2	2093668	2107554	XM_023254662.1	0	-	2094342	2106355	0	6	1537,124,83,148,456,1277,	0,2446,3544,4686,6349,12609,
chrB2	2093668	2107554	XM_023254660.1	0	-	2094342	2106355	0	8	1537,124,83,148,456,54,108,856,	0,2446,3544,4686,6349,11211,12609,13030,
chrB2	2093668	2107554	XM_023254663.1	0	-	2094342	2106731	0	6	1537,124,83,148,456,856,	0,2446,3544,4686,6349,13030,
chrB2	2093668	2107554	XM_023254661.1	0	-	2094342	2106355	0	8	1537,124,83,148,456,54,108,731,	0,2446,3544,4686,6349,11211,12609,13155,
chrB2	2093668	2107554	XM_023254664.1	0	-	2094342	2100428	0	6	1537,124,83,148,456,731,	0,2446,3544,4686,6349,13155,
chrB2	2094296	2102016	XR_002742591.1	0	+	2102016	2102016	0	2	97,655,	0,7065,
chrB2	2105397	2116754	XM_019831665.1	0	+	2113750	2116452	0	4	482,463,151,1078,	0,8271,9632,10279,
chrB2	2107439	2116754	XM_006931335.3	0	+	2107487	2116452	0	4	551,463,151,1078,	0,6229,7590,8237,
chrB2	2107905	2116754	XM_019831664.1	0	+	2113750	2116452	0	5	85,113,463,151,1078,	0,5526,5763,7124,7771,
chrB2	2107912	2116754	XM_023254658.1	0	+	2113750	2116452	0	5	78,89,463,151,1078,	0,2983,5756,7117,7764,
chrB2	2110789	2116754	XM_023254657.1	0	+	2113750	2116452	0	4	195,463,151,1078,	0,2879,4240,4887,
chrB2	2112776	2116754	XM_006931338.4	0	+	2113422	2116452	0	4	768,463,151,1078,	0,892,2253,2900,
chrB2	2129001	2158295	XM_019831660.1	0	-	2129572	2154807	0	5	623,97,157,401,107,	0,5864,23920,25419,29187,
chrB2	2129675	2158146	XM_006931342.3	0	-	2129901	2154807	0	5	1778,97,157,401,86,	0,5190,23246,24745,28385,
chrB2	2129675	2158295	XM_006931341.3	0	-	2129901	2154807	0	5	1778,97,157,401,107,	0,5190,23246,24745,28513,
chrB2	2156302	2158501	XM_019831688.1	0	+	2156900	2158342	0	2	693,736,	0,1463,
chrB2	2156302	2157550	XR_002157905.1	0	+	2157550	2157550	0	2	693,292,	0,956,
chrB2	2156302	2157550	XR_002157906.1	0	+	2157550	2157550	0	2	693,338,	0,910,
chrB2	2156302	2157550	XR_002157903.1	0	+	2157550	2157550	0	2	693,349,	0,899,
chrB2	2164520	2169683	XM_019831671.1	0	-	2164955	2169228	0	3	1337,163,109,	0,4614,5054,
chrB2	2164520	2172161	XM_003985657.4	0	-	2164955	2172060	0	4	1337,118,480,176,	0,4614,5054,7465,
chrB2	2164520	2172246	XM_006931345.4	0	-	2164955	2169994	0	4	1337,118,480,79,	0,4614,5054,7647,
chrB2	2179378	2180916	XM_003985658.5	0	-	2179598	2180810	0	1	1538,	0,
chrB2	2185937	2193076	XM_023254670.1	0	+	2186135	2192300	0	5	624,148,83,124,1639,	0,2204,3411,4469,5500,
chrB2	2186567	2192363	XR_002742585.1	0	-	2192363	2192363	0	3	1184,129,114,	0,1713,5682,
chrB2	2210985	2218301	XM_019831673.2	0	-	2211274	2217450	0	4	891,99,148,1268,	0,2498,5722,6048,
chrB2	2210985	2219100	XM_023254672.1	0	-	2211274	2217450	0	5	891,99,148,507,89,	0,2498,5722,6048,8026,
chrB2	2210985	2219100	XM_023254673.1	0	-	2211274	2217450	0	4	891,148,507,89,	0,5722,6048,8026,
chrB2	2241658	2250975	XM_006931347.4	0	-	2241839	2250277	0	3	1770,148,1100,	0,7509,8217,
chrB2	2256429	2261867	XR_002742586.1	0	-	2261867	2261867	0	3	1265,246,666,	0,4121,4772,
chrB2	2277812	2313950	XM_023254701.1	0	-	2280203	2303813	0	8	643,915,1019,124,92,139,509,200,	0,2181,19882,21490,21903,24844,25584,35938,
chrB2	2312746	2314207	XM_023254644.1	0	+	2312746	2314207	0	2	101,790,	0,671,
chrB2	2327725	2338627	XM_023254691.1	0	-	2327854	2338218	0	3	650,139,796,	0,7715,10106,
chrB2	2327725	2338722	XM_006931349.2	0	-	2327854	2338218	0	4	650,139,632,89,	0,7715,10106,10908,
chrB2	2327725	2368676	XM_006931350.4	0	-	2327854	2354608	0	6	475,937,148,455,119,845,	0,17876,26208,26484,39305,40106,
chrB2	2332138	2338627	XM_023254693.1	0	-	2332330	2338218	0	3	251,139,796,	0,3302,5693,
chrB2	2366377	2368676	XR_002157890.2	0	-	2368676	2368676	0	3	519,119,845,	0,653,1454,
chrB2	2370715	2377396	XM_003985660.4	0	-	2370795	2374389	0	4	985,136,480,811,	0,2842,3263,5870,
chrB2	2370715	2377396	XM_006931354.3	0	-	2370795	2374389	0	4	985,136,480,719,	0,2842,3263,5962,
chrB2	2370715	2377894	XM_006931355.4	0	-	2370795	2374389	0	4	985,136,480,488,	0,2842,3263,6691,
chrB2	2394428	2395818	XM_003985673.3	0	-	2394539	2395481	0	1	1390,	0,
chrB2	2864964	2874539	XM_023254646.1	0	+	2864964	2874539	0	4	909,15,417,252,	0,3746,8774,9323,
chrB2	2884904	2895918	XM_023254647.1	0	+	2884904	2895918	0	5	697,209,187,50,93,	0,699,5302,10476,10921,
chrB2	2895977	2911320	XM_023254648.1	0	-	2895977	2911320	0	3	426,520,83,	0,11510,15260,
chrB2	2949982	2950912	XM_003985755.1	0	-	2949982	2950912	0	1	930,	0,
chrB2	2973433	2975298	XM_011282061.2	0	-	2973433	2974633	0	2	40,1594,	0,271,
chrB2	2973691	2975298	XM_003985680.3	0	-	2973691	2974633	0	1	1607,	0,
chrB2	3004189	3005131	XM_003985681.1	0	+	3004189	3005131	0	1	942,	0,
chrB2	3004189	3011919	XM_019831687.2	0	+	3004189	3011740	0	2	909,209,	0,7521,
chrB2	3014227	3015132	XR_002157943.1	0	-	3015132	3015132	0	3	178,71,66,	0,320,839,
chrB2	3020350	3020777	XM_003985682.5	0	-	3020379	3020760	0	1	427,	0,
chrB2	3021050	3021680	XM_011282063.2	0	+	3021086	3021479	0	1	630,	0,
chrB2	3022521	3024943	XM_011282064.3	0	+	3022555	3022966	0	1	2422,	0,
chrB2	3036679	3037285	XM_003985683.2	0	+	3036694	3037006	0	1	606,	0,
chrB2	3037721	3038223	XM_006931365.3	0	+	3037754	3038165	0	1	502,	0,
chrB2	3041246	3042165	XM_003985684.2	0	+	3041426	3042107	0	1	919,	0,
chrB2	3042629	3043075	XM_011282066.3	0	-	3042659	3043052	0	1	446,	0,
chrB2	3043080	3045403	XR_002157925.2	0	+	3045403	3045403	0	2	558,298,	0,2025,
chrB2	3059321	3059785	XM_023254699.1	0	-	3059368	3059749	0	1	464,	0,
chrB2	3060004	3061205	XM_023254698.1	0	+	3060070	3060463	0	1	1201,	0,
chrB2	3067154	3067690	XM_003985688.4	0	+	3067183	3067495	0	1	536,	0,
chrB2	3072522	3072898	XM_023254700.1	0	-	3072571	3072883	0	1	376,	0,
chrB2	3077137	3077575	XM_003985690.5	0	-	3077179	3077560	0	1	438,	0,
chrB2	3077858	3078454	XM_003985691.4	0	+	3077882	3078275	0	1	596,	0,
chrB2	3079241	3080087	XM_003985692.4	0	+	3079416	3079827	0	1	846,	0,
chrB2	3082361	3083278	XM_003985693.2	0	-	3082864	3083263	0	1	917,	0,
chrB2	3083569	3084023	XM_003985694.2	0	+	3083584	3083965	0	1	454,	0,
chrB2	3130277	3132932	XR_002157936.1	0	+	3132932	3132932	0	2	1370,258,	0,2397,
chrB2	3137187	3142259	XM_019831555.1	0	-	3137943	3142259	0	4	861,149,378,16,	0,2199,2878,5056,
chrB2	3301638	3331276	XM_006931367.4	0	+	3303810	3330793	0	6	1739,154,68,127,96,2441,	0,2025,14601,22402,22827,27197,
chrB2	3305051	3331276	XM_019831658.2	0	+	3305105	3330793	0	5	70,68,127,96,2441,	0,11188,18989,19414,23784,
chrB2	3315875	3331276	XM_019831657.2	0	+	3316202	3330793	0	4	432,127,96,2441,	0,8165,8590,12960,
chrB2	3316870	3331276	XM_019831659.2	0	+	3316916	3330793	0	4	76,127,96,2441,	0,7170,7595,11965,
chrB2	3347758	3349257	XR_002157941.1	0	-	3349257	3349257	0	2	175,944,	0,555,
chrB2	3373537	3380122	XM_011282067.2	0	-	3375266	3376343	0	3	2883,94,2055,	0,3890,4530,
chrB2	3373537	3382209	XM_006931374.3	0	-	3375266	3376343	0	4	2883,94,871,126,	0,3890,4530,8546,
chrB2	3373537	3383855	XM_023254685.1	0	-	3375266	3376343	0	6	2883,88,94,871,53,220,	0,3722,3890,4530,9664,10098,
chrB2	3373537	3383855	XM_023254683.1	0	-	3375266	3376343	0	5	2883,94,871,53,220,	0,3890,4530,9664,10098,
chrB2	3373537	3383855	XM_023254684.1	0	-	3375266	3376343	0	5	2883,91,871,53,220,	0,3890,4530,9664,10098,
chrB2	3373537	3383855	XM_023254686.1	0	-	3375266	3376343	0	6	2883,94,117,574,53,220,	0,3890,4530,4827,9664,10098,
chrB2	3373537	3383855	XM_023254688.1	0	-	3375266	3376343	0	5	2883,94,120,53,220,	0,3890,4530,9664,10098,
chrB2	3373537	3383855	XM_023254687.1	0	-	3375266	3376343	0	5	2883,94,117,53,220,	0,3890,4530,9664,10098,
chrB2	3373537	3383856	XM_023254689.1	0	-	3375266	3375971	0	5	2491,94,871,53,221,	0,3890,4530,9664,10098,
chrB2	3373537	3383856	XM_023254690.1	0	-	3375266	3375971	0	5	2491,91,871,53,221,	0,3890,4530,9664,10098,
chrB2	3394068	3409202	XM_023254656.1	0	+	3406267	3408190	0	4	102,91,64,3119,	0,937,8015,12015,
chrB2	3394068	3409202	XM_023254655.1	0	+	3406267	3408190	0	3	477,91,3119,	0,937,12015,
chrB2	3394068	3409202	XM_023254654.1	0	+	3406267	3408190	0	4	477,91,64,3119,	0,937,8015,12015,
chrB2	3394068	3396311	XR_002742572.1	0	+	3396311	3396311	0	3	102,91,474,	0,937,1769,
chrB2	3394068	3396311	XR_002742571.1	0	+	3396311	3396311	0	3	477,91,474,	0,937,1769,
chrB2	3405702	3409202	XM_006931381.3	0	+	3406267	3408190	0	2	272,3119,	0,381,
chrB2	3425257	3432774	XR_002157942.2	0	-	3432774	3432774	0	2	1578,539,	0,6978,
chrB2	3439040	3443529	XM_023253571.1	0	+	3439089	3442107	0	2	3307,980,	0,3509,
chrB2	3481837	3483581	XM_023253572.1	0	+	3482027	3483566	0	1	1744,	0,
chrB2	3498939	3502816	XR_002157939.2	0	+	3502816	3502816	0	2	1174,336,	0,3541,
chrB2	3502753	3511816	XM_023253573.1	0	-	3503060	3510872	0	12	376,146,180,142,291,48,78,124,130,100,161,1017,	0,484,707,2732,3459,4360,4506,4835,6224,6975,7810,8046,
chrB2	3507220	3537274	XR_002742148.1	0	+	3537274	3537274	0	3	108,200,76,	0,875,29978,
chrB2	3535738	3541320	XR_002742147.1	0	-	3541320	3541320	0	3	3029,121,460,	0,4084,5122,
chrB2	3550241	3554754	XM_023254651.1	0	+	3550241	3553362	0	4	4,466,165,1414,	0,320,1684,3099,
chrB2	3562051	3567822	XR_002157934.2	0	-	3567822	3567822	0	2	2499,470,	0,5301,
chrB2	3576956	3577410	XM_003985695.3	0	-	3577008	3577395	0	1	454,	0,
chrB2	3577704	3578149	XM_023253574.1	0	+	3577719	3578100	0	1	445,	0,
chrB2	3580434	3580891	XM_011282072.3	0	-	3580563	3580875	0	1	457,	0,
chrB2	3640982	3641898	NM_001167487.1	0	-	3640982	3641898	0	2	359,556,	0,360,
chrB2	3650290	3651262	NM_001167486.1	0	-	3650290	3651262	0	1	972,	0,
chrB2	3664868	3666971	XM_011282074.3	0	+	3665714	3666651	0	2	1731,371,	0,1732,
chrB2	3682694	3683666	NM_001167488.1	0	+	3682694	3683666	0	1	972,	0,
chrB2	3751295	3774843	XM_019831679.2	0	+	3770652	3771861	0	3	303,89,4373,	0,1171,19175,
chrB2	3751295	3774843	XM_006931383.3	0	+	3770652	3771861	0	4	303,89,70,4373,	0,1171,16031,19175,
chrB2	3751295	3774843	XM_006931384.3	0	+	3770652	3771861	0	5	303,62,89,70,4373,	0,958,1171,16031,19175,
chrB2	3751295	3774843	XM_006931385.3	0	+	3770652	3771861	0	5	303,82,89,70,4373,	0,958,1171,16031,19175,
chrB2	3751295	3755410	XR_002742149.1	0	+	3755410	3755410	0	3	303,89,42,	0,1171,4073,
chrB2	3751686	3774843	XM_003985703.5	0	+	3770652	3771861	0	4	162,89,70,4373,	0,780,15640,18784,
chrB2	3787506	3790810	XM_003985697.5	0	-	3789131	3790751	0	3	2006,206,300,	0,2158,3004,
chrB2	3791000	3793856	XR_002742150.1	0	+	3793856	3793856	0	3	1310,217,46,	0,1594,2810,
chrB2	3791001	3799217	XR_002157921.2	0	+	3799217	3799217	0	3	1309,217,3290,	0,1593,4926,
chrB2	3806531	3809854	XR_002157945.1	0	+	3809854	3809854	0	2	100,1095,	0,2228,
chrB2	3822208	3823217	XR_002157938.1	0	-	3823217	3823217	0	2	389,518,	0,491,
chrB2	3827450	3832885	XM_019831702.2	0	-	3828733	3829018	0	2	1641,763,	0,4672,
chrB2	3827450	3833048	XM_006931386.4	0	-	3828733	3829018	0	2	1641,127,	0,5471,
chrB2	3827450	3833168	XM_019831701.2	0	-	3828733	3833077	0	2	1641,102,	0,5616,
chrB2	3827450	3834805	XM_023253581.1	0	-	3828733	3829018	0	2	1641,145,	0,7210,
chrB2	3827450	3834806	XM_023253580.1	0	-	3828733	3829018	0	2	1641,166,	0,7190,
chrB2	3834920	3846104	XR_002157932.2	0	+	3846104	3846104	0	4	3605,650,1948,173,	0,5058,8805,11011,
chrB2	3848275	3859388	XM_011282075.2	0	-	3849511	3854604	0	7	1910,27,21,150,282,348,4863,	0,2584,2705,3153,4047,5758,6250,
chrB2	3848275	3859388	XM_019831670.1	0	-	3849511	3854604	0	6	1910,27,150,282,348,4863,	0,2584,3153,4047,5758,6250,
chrB2	3848275	3859388	XM_003985696.3	0	-	3849511	3854604	0	8	1910,27,21,150,282,348,137,4379,	0,2584,2705,3153,4047,5758,6250,6734,
chrB2	3861618	3870693	XM_019831672.2	0	-	3862270	3863806	0	2	2425,332,	0,8743,
chrB2	3872423	3885177	XM_023253575.1	0	-	3872987	3883970	0	8	1187,27,21,201,282,348,288,717,	0,2301,2428,2847,4379,10383,11462,12037,
chrB2	3872423	3885340	XM_006931388.2	0	-	3872987	3883970	0	9	1187,27,21,201,282,348,288,115,153,	0,2301,2428,2847,4379,10383,11462,12037,12764,
chrB2	3872423	3885890	XM_019831667.2	0	-	3872987	3883970	0	9	1187,27,21,201,282,348,288,115,544,	0,2301,2428,2847,4379,10383,11462,12037,12923,
chrB2	3872423	3885890	XM_019831666.1	0	-	3872987	3883970	0	9	1187,27,21,201,282,348,288,115,458,	0,2301,2428,2847,4379,10383,11462,12037,13009,
chrB2	3937768	3938293	XM_023253583.1	0	+	3937891	3938203	0	1	525,	0,
chrB2	64491850	64607819	XR_002157190.1	0	-	64607819	64607819	0	3	435,56,67,	0,95659,115902,
chrB2	64699074	64704528	XR_002742312.1	0	-	64704528	64704528	0	3	922,212,111,	0,4785,5343,
chrB2	64703355	64704528	XR_002742313.1	0	-	64704528	64704528	0	2	716,111,	0,1062,
chrB2	64704648	65435879	XM_011282405.3	0	+	64708054	65433080	0	30	722,772,111,162,165,165,165,102,107,195,69,109,150,76,103,44,127,104,103,151,70,67,86,99,172,96,40,644,105,2988,	0,3391,297226,303314,309162,320640,321253,338156,338624,363102,380197,383944,411965,412902,426880,439754,564473,566217,570218,659738,662468,665074,667638,674778,675199,685664,687180,692094,718080,728243,
chrB2	64704649	65435879	XM_006931831.4	0	+	64708054	65433080	0	31	721,772,111,162,165,165,165,102,107,195,69,109,150,76,103,44,127,104,103,151,70,67,86,99,172,96,40,644,36,105,2988,	0,3390,297225,303313,309161,320639,321252,338155,338623,363101,380196,383943,411964,412901,426879,439753,564472,566216,570217,659737,662467,665073,667637,674777,675198,685663,687179,692093,703764,718079,728242,
chrB2	64704649	65435879	XM_011282404.3	0	+	64708054	65433080	0	32	721,168,772,111,162,165,165,165,102,107,195,69,109,150,76,103,44,127,104,103,151,70,67,86,99,172,96,40,644,36,105,2988,	0,2117,3390,297225,303313,309161,320639,321252,338155,338623,363101,380196,383943,411964,412901,426879,439753,564472,566216,570217,659737,662467,665073,667637,674777,675198,685663,687179,692093,703764,718079,728242,
chrB2	64979482	64984076	XR_002157193.2	0	-	64984076	64984076	0	2	1172,335,	0,4259,
chrB2	131514172	131604970	XM_023254458.1	0	-	131515835	131538081	0	9	2488,896,102,176,155,5552,45,95,113,	0,7891,9572,13633,17609,18740,25054,32621,90685,
chrB2	131798152	131918325	XM_019831325.2	0	+	131798256	131918203	0	4	245,156,102,395,	0,58033,85834,119778,
chrB2	131798153	132040089	XM_019831327.2	0	+	131798256	132039052	0	5	244,156,116,164,1108,	0,58032,197941,236457,240828,
chrB2	131798157	131915034	XM_019831329.2	0	+	131798256	131914937	0	4	240,156,102,148,	0,58028,85829,116729,
chrB2	131798157	132040089	XM_006932063.4	0	+	131798256	132039052	0	6	240,156,102,116,164,1108,	0,58028,85829,197937,236453,240824,
chrB2	131798158	132041205	XM_006932065.4	0	+	131798256	132040491	0	7	239,156,102,116,164,41,320,	0,58027,85828,197936,236452,242319,242727,
chrB2	131798158	132111611	XM_019831328.2	0	+	131798256	132111535	0	5	239,156,102,116,128,	0,58027,85828,197936,313325,
chrB2	131798162	132041205	XM_003986615.5	0	+	131798256	132040923	0	6	235,156,102,116,164,320,	0,58023,85824,197932,236448,242723,
chrB2	131925304	131936906	XR_002742491.1	0	-	131936906	131936906	0	3	2706,786,1339,	0,7976,10263,
chrB2	131933083	131941905	XR_002742493.1	0	-	131941905	131941905	0	3	983,1177,4315,	0,2484,4507,
chrB2	131933083	131941905	XR_002742495.1	0	-	131941905	131941905	0	4	983,113,67,4315,	0,2484,3594,4507,
chrB2	131933083	131943050	XR_002742494.1	0	-	131943050	131943050	0	4	983,1177,3857,563,	0,2484,4507,9404,
chrB2	132136464	132166977	XM_003986629.5	0	-	132138060	132166895	0	6	1640,73,107,151,105,181,	0,1774,6552,8150,11284,30332,
chrB2	132167055	132199954	XM_003986617.5	0	+	132167300	132199206	0	12	318,132,82,44,125,67,55,169,71,123,97,832,	0,6006,10348,16292,17880,18399,18573,19210,22468,24605,29641,32067,
chrB2	132167055	132200566	XR_002157519.2	0	+	132200566	132200566	0	13	318,132,82,44,125,67,55,169,71,123,97,162,84,	0,6006,10348,16292,17880,18399,18573,19210,22468,24605,29641,32067,33427,
chrB2	132167055	132202024	XR_002157518.2	0	+	132202024	132202024	0	13	318,132,82,44,125,67,55,169,71,123,97,162,1545,	0,6006,10348,16292,17880,18399,18573,19210,22468,24605,29641,32067,33424,
chrB2	132204696	132220967	XM_023254460.1	0	-	132205408	132220030	0	7	853,109,188,211,340,188,288,	0,2616,9076,9509,11591,15174,15983,
chrB2	132204696	132223630	XM_011282671.3	0	-	132205408	132223574	0	7	853,109,188,211,340,188,286,	0,2616,9076,9509,11591,15174,18648,
chrB2	132205588	132223633	XM_023254459.1	0	-	132205690	132223574	0	7	156,109,188,211,340,188,289,	0,1724,8184,8617,10699,14282,17756,
chrB2	132220514	132220640	XR_002742705.1	0	-	132220640	132220640	0	1	126,	0,
chrB2	132231631	132235410	XR_002157523.1	0	+	132235410	132235410	0	3	46,126,561,	0,921,3218,
chrB2	132235465	132239884	XR_002742496.1	0	+	132239884	132239884	0	2	487,1194,	0,3225,
chrB2	132336444	132535128	XM_019831332.2	0	+	132336696	132528493	0	13	265,168,81,159,237,532,209,157,56,62,138,77,6651,	0,94610,127754,132818,139619,143759,150082,151560,155968,162454,165251,178582,192033,
chrB2	132400521	132515107	XM_006932072.4	0	+	132400725	132515107	0	12	250,168,81,159,237,532,206,157,56,62,138,81,	0,30533,63677,68741,75542,79682,86008,87483,91891,98377,101174,114505,
chrB2	132400521	132515107	XM_023254461.1	0	+	132400725	132515107	0	12	250,168,81,159,237,532,209,157,56,62,138,81,	0,30533,63677,68741,75542,79682,86005,87483,91891,98377,101174,114505,
chrB2	132400521	132535128	XM_019831333.2	0	+	132400725	132528493	0	12	250,168,159,237,532,209,157,56,62,138,77,6651,	0,30533,68741,75542,79682,86005,87483,91891,98377,101174,114505,127956,
chrB2	132400521	132535128	XM_019831331.2	0	+	132400725	132528493	0	13	250,168,81,159,237,532,206,157,56,62,138,77,6651,	0,30533,63677,68741,75542,79682,86008,87483,91891,98377,101174,114505,127956,
chrB2	132400521	132535128	XM_006932071.4	0	+	132400725	132528493	0	13	250,168,81,159,237,532,209,157,56,62,138,77,6651,	0,30533,63677,68741,75542,79682,86005,87483,91891,98377,101174,114505,127956,
chrB2	132400522	132515107	XM_006932074.3	0	+	132400725	132515107	0	11	249,168,81,159,532,206,157,56,62,138,81,	0,30532,63676,68740,79681,86007,87482,91890,98376,101173,114504,
chrB2	132400522	132535128	XM_006932073.4	0	+	132400725	132528493	0	12	249,168,81,159,532,209,157,56,62,138,77,6651,	0,30532,63676,68740,79681,86004,87482,91890,98376,101173,114504,127955,
chrB2	132544821	132560210	XM_006932075.4	0	+	132544985	132559779	0	11	167,132,174,88,139,256,128,140,53,201,542,	0,1168,3463,8076,10202,10706,11977,13800,14253,14517,14847,
chrB2	132550943	132560210	XM_019831335.1	0	+	132555151	132559779	0	9	30,88,139,256,128,140,53,201,542,	0,1954,4080,4584,5855,7678,8131,8395,8725,
chrB2	132560614	132601653	XM_019831345.1	0	+	132560776	132601526	0	7	190,62,120,139,140,109,207,	0,9500,12161,12809,29864,33498,40832,
chrB2	132560614	132601653	XM_003986619.4	0	+	132560776	132600957	0	8	190,62,120,139,140,109,85,207,	0,9500,12161,12809,29864,33498,40272,40832,
chrB2	132564648	132601653	XM_023254462.1	0	+	132565853	132601526	0	7	594,197,120,139,140,109,207,	0,1059,8127,8775,25830,29464,36798,
chrB2	132604053	132611073	XM_011282583.2	0	-	132604965	132606207	0	3	2158,128,114,	0,3548,6906,
chrB2	132604053	132627201	XM_011282582.2	0	-	132604965	132606207	0	4	2158,128,132,2083,	0,3548,7241,21065,
chrB2	132604053	132627201	XM_006932078.4	0	-	132604965	132606207	0	4	2158,121,132,2083,	0,3555,7241,21065,
chrB2	132604053	132627202	XM_006932077.3	0	-	132604965	132611323	0	3	2158,132,2084,	0,7241,21065,
chrB2	132604053	132677556	XM_023254468.1	0	-	132604965	132611111	0	8	2158,467,74,32,88,74,34,102,	0,6906,21065,25542,27678,29708,47706,73401,
chrB2	132604053	132677556	XM_023254469.1	0	-	132604965	132611111	0	7	2158,467,74,88,74,34,102,	0,6906,21065,27678,29708,47706,73401,
chrB2	132604053	132677556	XM_023254466.1	0	-	132604965	132611111	0	7	2158,467,88,32,74,34,102,	0,6906,21065,25542,29708,47706,73401,
chrB2	132604053	132677556	XM_023254464.1	0	-	132604965	132611111	0	7	2158,467,74,32,74,34,102,	0,6906,21065,25542,29708,47706,73401,
chrB2	132604053	132677556	XM_023254465.1	0	-	132604965	132611111	0	6	2158,467,112,74,34,102,	0,6906,21065,29708,47706,73401,
chrB2	132604053	132677556	XM_023254467.1	0	-	132604965	132611111	0	6	2158,467,88,74,34,102,	0,6906,21065,29708,47706,73401,
chrB2	132604053	132677556	XM_023254463.1	0	-	132604965	132611111	0	6	2158,467,74,74,34,102,	0,6906,21065,29708,47706,73401,
chrB2	132620782	132620891	XR_002742669.1	0	-	132620891	132620891	0	1	109,	0,
chrB2	132743998	132744730	XM_003986622.3	0	-	132744339	132744600	0	1	732,	0,
chrB2	132797626	132845922	XM_019831346.1	0	+	132797983	132843514	0	3	133,181,3277,	0,219,45019,
chrB2	132807536	132845922	XM_023254471.1	0	+	132842650	132843514	0	2	71,3277,	0,35109,
chrB2	132807538	132845922	XM_023254470.1	0	+	132842650	132843514	0	2	119,3277,	0,35107,
chrB2	132807809	132845922	XM_003986623.5	0	+	132842650	132843514	0	2	180,3277,	0,34836,
chrB2	132807810	132845922	XM_006932080.4	0	+	132842650	132843514	0	2	204,3277,	0,34835,
chrB2	132827845	132827949	XR_002742706.1	0	+	132827949	132827949	0	1	104,	0,
chrB2	132860937	132863989	XR_002157528.1	0	-	132863989	132863989	0	2	2524,111,	0,2941,
chrB2	132975292	133439687	XM_019831348.2	0	+	132975435	133437605	0	75	231,62,93,36,42,93,173,116,161,204,182,151,120,102,108,180,170,124,88,242,181,146,213,114,156,171,180,135,150,162,129,174,156,171,180,129,171,162,138,192,173,151,176,136,150,76,215,118,206,155,190,173,157,130,269,147,79,61,62,75,202,86,158,167,112,137,39,66,66,159,241,109,93,23,2091,	0,52468,69408,71141,71178,71573,73822,76832,77849,82441,83571,84461,85782,88741,91801,92191,93204,97144,100514,106171,106577,109384,110189,122269,123043,127278,129320,134956,136933,138364,138961,139779,141682,148451,154180,156671,157112,160123,160722,164936,166192,177739,179139,189453,191657,194895,202392,205207,209368,211385,225613,309220,322453,348018,365398,371770,375003,378221,392409,394547,403089,409824,413855,415466,416719,433609,439594,439858,441000,449967,450485,453696,455030,459904,462304,
chrB2	132983616	132988572	XR_002742505.1	0	-	132988572	132988572	0	3	845,101,1609,	0,2697,3347,
chrB2	133310625	133310732	XR_002742657.1	0	+	133310732	133310732	0	1	107,	0,
chrC2	37607470	37612050	XR_441109.2	0	+	37612050	37612050	0	3	80,82,939,	0,3477,3641,
chrC2	37935767	39006883	XM_019839556.2	0	+	37936378	38999288	0	10	672,27,150,153,138,171,91,179,126,7714,	0,728552,800769,878286,881503,911646,936600,962185,1062488,1063402,
chrC2	37935768	39006883	XM_003991537.5	0	+	37936378	38999288	0	10	671,150,153,138,171,91,179,120,126,7714,	0,800768,878285,881502,911645,936599,962184,979124,1062487,1063401,
chrC2	37935768	39006883	XM_019839555.2	0	+	37936378	38999288	0	11	671,27,150,153,138,171,91,179,120,126,7714,	0,728551,800768,878285,881502,911645,936599,962184,979124,1062487,1063401,
chrC2	38155420	38157365	XM_019839557.1	0	-	38156185	38156970	0	2	1310,633,	0,1312,
chrC2	38726961	38727069	XR_002735868.1	0	-	38727069	38727069	0	1	108,	0,
chrC2	39214242	39242881	XR_002162341.2	0	+	39242881	39242881	0	3	201,138,47,	0,9790,28592,
chrD1	28107786	29048301	XM_006936805.4	0	+	28108013	29047417	0	10	309,85,233,126,135,121,152,36,33,985,	0,542047,771055,833045,919078,921135,925698,929149,934496,939530,
chrD1	28386937	29048301	XM_019811567.1	0	+	28386952	29047417	0	10	73,85,233,126,135,121,152,36,33,985,	0,262896,491904,553894,639927,641984,646547,649998,655345,660379,
chrD1	28568275	28586233	XR_002145483.1	0	-	28586233	28586233	0	3	1994,44,1503,	0,5976,16455,
chrD1	28648990	29048301	XM_003992582.5	0	+	28649751	29047417	0	8	928,233,126,135,121,152,33,985,	0,229851,291841,377874,379931,384494,393292,398326,
chrD1	28648990	29048301	XM_019811568.2	0	+	28649751	29047417	0	8	928,233,126,135,121,152,36,985,	0,229851,291841,377874,379931,384494,387945,398326,
chrD1	28649002	29048301	XM_006936806.4	0	+	28649751	29047417	0	7	916,233,126,135,121,152,985,	0,229839,291829,377862,379919,384482,398314,
chrD1	28908694	28910959	XR_002145484.2	0	+	28910959	28910959	0	2	1587,246,	0,2019,
chrD1	29033001	29036925	XR_002736156.1	0	-	29036925	29036925	0	2	291,1990,	0,1934,
chrD1	29116545	29624419	XM_019811571.2	0	-	29121952	29623916	0	8	5508,27,152,121,138,126,233,670,	0,20979,21899,22532,23065,102032,216458,507204,
chrD1	29116545	29624419	XM_003992583.5	0	-	29121952	29623916	0	7	5508,152,121,138,126,233,670,	0,21899,22532,23065,102032,216458,507204,
chrD1	29116545	29624419	XM_019811572.2	0	-	29121952	29623916	0	8	5508,27,152,121,135,126,233,670,	0,20979,21899,22532,23065,102032,216458,507204,
chrD1	29116545	29624419	XM_019811573.2	0	-	29121952	29623916	0	7	5508,152,121,135,126,233,670,	0,21899,22532,23065,102032,216458,507204,
chrD1	29116545	29624624	XM_023239306.1	0	-	29121952	29623793	0	9	5508,27,152,121,138,126,233,85,199,	0,20979,21899,22532,23065,102032,216458,507204,507880,
chrD1	29116545	30190876	XM_023239305.1	0	-	29121952	30190515	0	9	5508,27,152,121,138,126,233,85,422,	0,20979,21899,22532,23065,102032,216458,507204,1073909,
chrD1	29329075	29332995	XR_002145487.2	0	+	29332995	29332995	0	3	1558,677,271,	0,2027,3649,
chrD1	30531181	30536708	XM_019813032.2	0	-	30532601	30536618	0	7	165,76,78,92,93,57,168,	0,1411,1789,4308,4576,5131,5359,
chrD1	30531181	30536712	XM_023239307.1	0	-	30532601	30536618	0	7	165,106,78,92,93,57,172,	0,1411,1789,4308,4576,5131,5359,
chrD1	30531181	30536713	XM_023239308.1	0	-	30532601	30536618	0	7	165,122,78,92,93,57,173,	0,1395,1789,4308,4576,5131,5359,
chrD1	30577016	30627976	XM_019811574.2	0	-	30580719	30627814	0	20	3912,122,1650,46,162,85,227,176,124,151,117,141,143,146,142,118,152,147,198,226,	0,6500,14294,16516,16936,19288,20358,21906,24453,25664,26097,26298,26754,29861,30312,31785,32173,37774,39675,50734,
chrD1	30577016	30627976	XM_011286471.3	0	-	30580719	30627814	0	20	3912,122,1650,46,162,85,227,176,112,151,117,141,143,146,142,118,152,147,198,226,	0,6500,14294,16516,16936,19288,20358,21906,24465,25664,26097,26298,26754,29861,30312,31785,32173,37774,39675,50734,
chrD4	25362872	25418333	XM_003995451.3	0	-	25364286	25418197	0	18	1541,121,99,82,198,169,131,126,81,81,78,114,145,190,92,83,84,214,	0,2623,2992,4046,10338,10914,12241,14004,16081,17607,19858,21025,22373,23606,25214,28427,33302,55247,
chrD4	25394269	25394374	XR_002737883.1	0	-	25394374	25394374	0	1	105,	0,
chrD4	25614308	25621536	XR_002148131.2	0	+	25621536	25621536	0	3	1141,242,2112,	0,4665,5116,
chrD4	25639539	25643812	XR_002737488.1	0	+	25643812	25643812	0	4	457,113,78,2135,	0,970,1565,2138,
chrD4	25640011	25643812	XR_002737487.1	0	+	25643812	25643812	0	3	611,78,2135,	0,1093,1666,
chrD4	25708674	26045893	XM_023242219.1	0	+	25709021	26041621	0	17	559,75,72,69,155,137,133,306,36,101,100,189,131,173,235,159,4458,	0,28127,28324,33120,35954,48883,49527,52125,63970,67045,73607,187693,250093,264801,269901,331821,332761,
chrD4	25708860	26045893	XM_023242218.1	0	+	25709021	26041621	0	18	373,75,72,69,155,137,133,306,36,101,100,48,189,131,173,235,159,4458,	0,27941,28138,32934,35768,48697,49341,51939,63784,66859,73421,181925,187507,249907,264615,269715,331635,332575,
chrD4	25708861	25901441	XM_023242220.1	0	+	25709021	25900727	0	14	372,75,72,69,155,137,133,306,36,101,100,48,189,743,	0,27940,28137,32933,35767,48696,49340,51938,63783,66858,73420,181924,187506,191837,
chrD4	25708862	25901441	XM_023242221.1	0	+	25709021	25900727	0	13	371,75,72,69,155,137,133,306,36,101,100,189,743,	0,27939,28136,32932,35766,48695,49339,51937,63782,66857,73419,187505,191836,
chrD4	25708865	25846230	XM_023242222.1	0	+	25709021	25841140	0	12	368,75,72,69,155,137,133,306,36,101,100,5128,	0,27936,28133,32929,35763,48692,49336,51934,63779,66854,73416,132237,
chrD4	25992375	25995050	XR_002148133.2	0	-	25995050	25995050	0	2	355,1772,	0,903,
chrD4	26061258	26071310	XR_002737489.1	0	+	26071310	26071310	0	5	179,197,135,944,1924,	0,3769,4923,7029,8128,
chrD4	26186945	26197265	XR_002737491.1	0	+	26197265	26197265	0	3	181,5,11,	0,6679,10309,
chrD4	26190115	26191747	XR_002737490.1	0	-	26191747	26191747	0	2	806,303,	0,1329,
chrD4	26227385	26228385	XR_002147893.1	0	-	26228385	26228385	0	2	338,94,	0,906,
chrD4	26287718	26290829	XR_002148136.2	0	-	26290829	26290829	0	2	620,1604,	0,1507,
chrD4	26447872	26616820	XM_023242223.1	0	-	26450919	26592264	0	26	3225,161,177,132,130,181,154,145,88,149,87,84,716,117,98,178,209,38,94,132,147,64,68,125,65,384,	0,17162,20968,23162,24507,26124,27337,30016,33552,51666,51899,53565,69292,79877,84759,101703,103932,107731,114540,117460,119758,120348,123545,134396,144360,168564,
chrD4	26447872	26616820	XM_023242224.1	0	-	26450919	26592264	0	26	3225,161,177,132,130,181,154,145,88,149,87,84,716,117,98,178,209,38,94,132,147,64,68,125,65,200,	0,17162,20968,23162,24507,26124,27337,30016,33552,51666,51899,53565,69292,79877,84759,101703,103932,107731,114540,117460,119758,120348,123545,134396,144360,168748,
chrD4	26454592	26616822	XM_023242226.1	0	-	26456849	26592264	0	26	2303,161,177,132,130,181,154,145,88,149,87,84,716,117,98,178,209,38,94,132,147,64,68,125,65,386,	0,10442,14248,16442,17787,19404,20617,23296,26832,44946,45179,46845,62572,73157,78039,94983,97212,101011,107820,110740,113038,113628,116825,127676,137640,161844,
chrD4	26456925	26616823	XM_023242225.1	0	-	26457163	26592264	0	26	404,161,177,132,130,181,154,145,88,149,87,84,716,117,98,178,209,38,94,132,147,64,68,125,65,387,	0,8109,11915,14109,15454,17071,18284,20963,24499,42613,42846,44512,60239,70824,75706,92650,94879,98678,105487,108407,110705,111295,114492,125343,135307,159511,
chrD4	26698114	26793181	XM_011288304.3	0	+	26699083	26792578	0	23	105,129,34,115,75,168,67,44,51,84,115,179,60,107,67,99,179,137,68,141,123,81,663,	0,964,12328,16224,17609,18267,35526,35672,36952,37888,38935,64356,68636,73513,81852,83800,84712,87868,88869,89879,90414,93600,94404,
chrD4	26698225	26793181	XM_023242227.1	0	+	26699083	26792578	0	23	125,129,34,115,75,168,67,44,51,84,115,179,60,107,67,99,179,137,68,141,123,81,663,	0,853,12217,16113,17498,18156,35415,35561,36841,37777,38824,64245,68525,73402,81741,83689,84601,87757,88758,89768,90303,93489,94293,
chrD4	26698648	26793181	XM_023242228.1	0	+	26699083	26792578	0	23	21,129,34,115,75,168,67,44,51,84,115,179,60,107,67,99,179,137,68,141,123,81,663,	0,430,11794,15690,17075,17733,34992,35138,36418,37354,38401,63822,68102,72979,81318,83266,84178,87334,88335,89345,89880,93066,93870,
chrD4	26794109	26851272	XM_023242229.1	0	-	26796272	26839682	0	10	2240,114,273,160,130,103,55,180,149,123,	0,8824,10455,11417,15942,23746,27132,43454,45444,57040,
chrD4	26926674	26956334	XM_019815831.2	0	-	26926699	26932171	0	5	249,496,92,148,194,	0,3466,5431,28277,29466,
chrD4	26926674	26956334	XM_019815830.2	0	-	26926699	26932171	0	6	249,496,92,166,68,194,	0,3466,5431,13426,28277,29466,
chrD4	26926674	26956334	XM_019815829.2	0	-	26926699	26932171	0	5	249,496,92,68,194,	0,3466,5431,28277,29466,
chrD4	26926674	26956336	XM_019815828.2	0	-	26926699	26955086	0	4	249,496,148,196,	0,3466,28277,29466,
chrD4	26960885	26975141	XM_003995454.4	0	-	26962380	26975024	0	4	1644,106,54,198,	0,3251,6501,14058,
chrD4	26979407	27042008	XM_019815834.2	0	-	26980401	27041354	0	29	1062,64,77,326,116,92,48,178,78,114,90,104,58,101,87,151,1079,181,153,120,127,70,52,89,178,117,182,551,410,	0,12149,12571,14604,16041,18018,18196,22566,23389,23641,24121,24825,29819,31517,32483,33762,34283,36760,40341,45986,49252,50176,51174,53390,55078,55757,56187,61427,62191,
chrD4	26979407	27042124	XM_019815837.2	0	-	26980401	27041354	0	29	1062,64,77,326,116,92,48,178,78,114,90,104,58,101,87,151,1079,181,153,120,127,70,52,89,178,117,182,551,82,	0,12149,12571,14604,16041,18018,18196,22566,23389,23641,24121,24825,29819,31517,32483,33762,34283,36760,40341,45986,49252,50176,51174,53390,55078,55757,56187,61427,62635,
chrD4	26979407	27042692	XM_019815838.2	0	-	26991603	27041354	0	28	1062,64,326,116,92,48,178,78,114,90,104,58,101,87,151,1079,181,153,120,127,70,52,89,178,117,182,551,125,	0,12149,14604,16041,18018,18196,22566,23389,23641,24121,24825,29819,31517,32483,33762,34283,36760,40341,45986,49252,50176,51174,53390,55078,55757,56187,61427,63160,
chrD4	26979407	27042692	XM_003995455.5	0	-	26980401	27041354	0	27	1062,326,116,92,48,178,78,114,90,104,58,101,87,151,1079,181,153,120,127,70,52,89,178,117,182,551,125,	0,14604,16041,18018,18196,22566,23389,23641,24121,24825,29819,31517,32483,33762,34283,36760,40341,45986,49252,50176,51174,53390,55078,55757,56187,61427,63160,
chrD4	26979407	27042693	XM_019815833.2	0	-	26980401	27041354	0	29	1062,64,77,326,116,92,48,178,78,114,90,104,58,101,87,151,1079,181,153,120,127,70,52,89,178,117,182,551,190,	0,12149,12571,14604,16041,18018,18196,22566,23389,23641,24121,24825,29819,31517,32483,33762,34283,36760,40341,45986,49252,50176,51174,53390,55078,55757,56187,61427,63096,
chrD4	26979407	27042693	XM_019815835.2	0	-	26980401	27041354	0	29	1062,64,77,326,116,92,48,178,78,114,90,104,58,101,87,151,1079,181,153,120,127,70,52,89,178,117,182,551,179,	0,12149,12571,14604,16041,18018,18196,22566,23389,23641,24121,24825,29819,31517,32483,33762,34283,36760,40341,45986,49252,50176,51174,53390,55078,55757,56187,61427,63107,
chrD4	26979407	27042693	XM_019815832.2	0	-	26980401	27041354	0	29	1062,64,77,326,116,92,48,178,78,114,90,104,58,101,87,151,1079,181,153,120,127,70,52,89,178,117,182,551,126,	0,12149,12571,14604,16041,18018,18196,22566,23389,23641,24121,24825,29819,31517,32483,33762,34283,36760,40341,45986,49252,50176,51174,53390,55078,55757,56187,61427,63160,
chrD4	27068266	27078736	XR_002147895.1	0	+	27078736	27078736	0	2	113,367,	0,10103,
chrD4	27203236	27211988	XR_002737492.1	0	+	27211988	27211988	0	2	127,378,	0,8374,
chrD4	27203237	27216722	XR_002737493.1	0	+	27216722	27216722	0	3	126,360,607,	0,8373,12878,
chrE1	44368685	44372830	XM_006940420.4	0	-	44369093	44372069	0	12	524,81,82,110,174,125,68,134,45,60,100,645,	0,616,776,1084,1536,1891,2159,2570,2937,3106,3299,3500,
chrE1	44368685	44373058	XM_003996983.3	0	-	44369093	44372069	0	12	524,81,82,110,174,125,68,134,45,60,100,128,	0,616,776,1084,1536,1891,2159,2570,2937,3106,3299,4245,
chrE1	44368685	44373058	XM_003996984.3	0	-	44369093	44372069	0	12	524,81,82,110,174,125,68,110,45,60,100,128,	0,616,776,1084,1536,1891,2159,2570,2937,3106,3299,4245,
chrE1	44389522	44396649	XM_011289248.3	0	+	44392593	44396307	0	13	121,145,126,85,113,136,95,124,98,246,234,231,480,	0,3064,3334,3568,4139,4348,4604,4909,5312,5500,5996,6320,6647,
chrE1	44389522	44396649	XM_011289247.3	0	+	44392593	44396307	0	13	121,145,126,85,113,136,113,124,98,246,234,231,480,	0,3064,3334,3568,4139,4348,4586,4909,5312,5500,5996,6320,6647,
chrE1	44396750	44406922	XM_023243573.1	0	-	44397284	44406873	0	8	2014,127,117,180,159,93,228,167,	0,2580,2828,3054,3318,6143,6469,10005,
chrE1	44410248	44424595	XM_003996987.5	0	-	44410454	44424500	0	30	263,117,102,114,126,153,97,81,80,93,148,68,126,152,56,105,46,183,212,53,54,44,48,129,46,50,166,98,122,283,	0,1195,1526,1847,2436,2684,2940,3158,3559,3907,5019,5316,5776,6046,6286,6425,6629,6924,9845,10251,10441,10641,10839,11262,11484,11605,11930,12209,12395,14064,
chrE1	44431023	44535447	XM_003996988.5	0	-	44433383	44535373	0	10	3878,339,2032,131,144,87,68,73,75,119,	0,3879,4219,9956,24428,43426,46175,68215,76651,104305,
chrE1	44576112	44578040	XM_011289270.2	0	+	44576143	44577841	0	1	1928,	0,
chrE1	44592304	44594307	XR_002149233.2	0	-	44594307	44594307	0	2	372,567,	0,1436,
chrE1	44595119	44646149	XR_002149229.2	0	-	44646149	44646149	0	3	386,129,30,	0,43426,51000,
chrE1	44616828	44646149	XR_002149230.2	0	-	44646149	44646149	0	3	1795,129,30,	0,21717,29291,
chrE1	44635814	44646149	XR_002149231.2	0	-	44646149	44646149	0	3	1556,129,30,	0,2731,10305,
chrE1	44646651	44663366	XM_023244517.1	0	+	44646841	44661842	0	8	256,135,158,105,1873,135,181,1754,	0,833,4228,7262,8517,10848,14357,14961,
chrE1	44664662	44675435	XM_003996989.5	0	-	44666086	44675409	0	5	1612,59,136,88,308,	0,3430,4965,6672,10465,
chrE1	44666085	44675435	XM_006940423.4	0	-	44666201	44675409	0	4	189,136,88,308,	0,3542,5249,9042,
chrE1	44675437	44683129	XR_441898.4	0	+	44683129	44683129	0	2	114,1162,	0,6530,
chrE1	44699863	44732422	XM_023244518.1	0	+	44700618	44731215	0	15	209,66,155,186,51,88,77,34,46,117,109,125,669,113,1305,	0,723,13243,16624,17427,18249,20629,22367,23848,26428,29304,29539,30469,31139,31254,
chrE1	44737847	44758146	XM_023243682.1	0	+	44737928	44756303	0	26	148,176,77,67,86,76,67,68,75,72,167,85,91,52,100,72,93,81,51,64,100,120,115,91,18,2121,	0,597,9323,9596,10674,10849,11325,11460,11885,12040,12322,13025,13228,13451,14005,14200,14385,14876,15477,15643,15922,16246,16719,16921,17639,18178,
chrE1	44737928	44756137	XM_023243683.1	0	+	44737928	44755535	0	26	67,176,77,67,86,76,67,68,75,72,167,85,91,52,100,72,93,81,51,64,100,120,169,115,91,651,	0,516,9242,9515,10593,10768,11244,11379,11804,11959,12241,12944,13147,13370,13924,14119,14304,14795,15396,15562,15841,16165,16378,16638,16840,17558,
chrE1	44737928	44756152	XM_023243684.1	0	+	44737928	44756041	0	27	67,176,77,67,86,76,67,68,75,72,167,85,91,52,100,72,93,81,51,64,100,120,169,115,91,18,127,	0,516,9242,9515,10593,10768,11244,11379,11804,11959,12241,12944,13147,13370,13924,14119,14304,14795,15396,15562,15841,16165,16378,16638,16840,17558,18097,
chrE1	44748702	44756137	XM_019817998.2	0	+	44749225	44755535	0	21	70,67,64,75,72,167,85,91,52,100,72,93,81,51,64,100,120,169,115,91,651,	0,470,605,1030,1185,1467,2170,2373,2596,3150,3345,3530,4021,4622,4788,5067,5391,5604,5864,6066,6784,
chrE1	44772820	44784526	XM_011289240.3	0	-	44776601	44777792	0	3	4992,76,632,	0,5948,11074,
chrE1	44772820	44785211	XM_019818000.2	0	-	44776601	44777792	0	4	4992,76,77,16,	0,5948,11074,12375,
chrE1	44772820	44785250	XM_011289242.3	0	-	44776601	44777792	0	3	4992,76,55,	0,5948,12375,
chrE1	44772820	44809531	XM_011289241.3	0	-	44776601	44777792	0	3	4992,76,116,	0,5948,36595,
chrE1	44772820	44810062	XM_023243558.1	0	-	44776601	44777792	0	3	4992,76,172,	0,5948,37070,
chrE1	44772820	44810626	XM_011289239.3	0	-	44776601	44777792	0	3	4992,76,178,	0,5948,37628,
chrE1	44818665	44822173	XM_019818006.2	0	+	44819908	44821398	0	5	358,151,135,113,266,	0,1192,1931,2668,3242,
chrE1	44819204	44822173	XM_003996991.5	0	+	44819765	44821398	0	5	564,151,135,113,266,	0,653,1392,2129,2703,
chrE1	44821971	44861601	XM_003996992.5	0	-	44822445	44857998	0	28	570,108,154,95,119,88,127,87,83,102,141,112,194,128,136,91,64,125,167,83,91,36,66,76,79,166,109,108,	0,912,1167,1821,2072,2856,3136,3445,4359,5419,6922,7427,8954,10255,12005,13574,14246,17672,20055,23303,24315,26842,27630,28178,29783,30527,35922,39522,
chrE1	44826420	44833717	XR_002149236.2	0	+	44833717	44833717	0	2	267,272,	0,7025,
chrE1	44861569	44865375	XM_006940425.3	0	+	44861646	44865220	0	4	107,152,133,617,	0,1809,2357,3189,
chrE1	44861811	44865375	XM_019818004.2	0	+	44863387	44865220	0	4	106,146,133,617,	0,1573,2115,2947,
chrE1	44861818	44865375	XM_019818003.2	0	+	44863387	44865220	0	4	99,152,133,617,	0,1560,2108,2940,
chrE1	44861822	44865375	XM_006940427.2	0	+	44863387	44865220	0	4	113,152,133,617,	0,1556,2104,2936,
chrE1	44861828	44865375	XM_019818005.2	0	+	44863387	44865220	0	4	50,152,133,617,	0,1550,2098,2930,
chrE1	44861828	44865375	XM_006940426.3	0	+	44861958	44865220	0	4	133,152,133,617,	0,1550,2098,2930,
chrE1	44861955	44865375	XM_003996994.3	0	+	44863387	44865220	0	4	103,152,133,617,	0,1423,1971,2803,
chrE1	44865767	44867993	XM_003997011.3	0	+	44866462	44867704	0	1	2226,	0,
chrE1	44868467	44877975	XM_003996995.4	0	-	44870013	44877954	0	9	1588,86,44,221,126,162,96,61,482,	0,2230,4437,5053,5504,6805,7673,7962,9026,
chrE1	44868467	44877976	XM_019818001.1	0	-	44870013	44877954	0	10	1588,86,120,44,221,126,162,96,61,483,	0,2230,3967,4437,5053,5504,6805,7673,7962,9026,
chrE1	44885238	44905367	XM_019818007.2	0	-	44885995	44897957	0	17	864,104,90,529,200,128,178,101,75,177,198,111,105,158,327,62,110,	0,1088,1699,2723,3473,6249,6739,7401,7641,8621,8939,9217,9519,9924,10722,12703,20019,
chrE1	44885238	44905385	XM_006940428.2	0	-	44885995	44896279	0	16	864,104,90,529,200,128,178,101,75,177,198,111,105,158,327,128,	0,1088,1699,2723,3473,6249,6739,7401,7641,8621,8939,9217,9519,9924,10722,20019,
chrE1	44886396	44905369	XR_002149237.2	0	-	44905369	44905369	0	17	34,287,133,529,200,128,178,101,75,177,198,111,105,158,327,62,112,	0,541,923,1565,2315,5091,5581,6243,6483,7463,7781,8059,8361,8766,9564,11545,18861,
chrE1	44886396	44905369	XR_002149238.2	0	-	44905369	44905369	0	17	34,282,133,529,200,128,178,101,75,177,198,111,105,158,327,62,112,	0,541,923,1565,2315,5091,5581,6243,6483,7463,7781,8059,8361,8766,9564,11545,18861,
chrE1	44905529	44923155	XR_002738023.1	0	+	44923155	44923155	0	2	1249,166,	0,17460,
chrE1	44907758	44923155	XR_002738024.1	0	+	44923155	44923155	0	2	1800,166,	0,15231,
chrE1	44914553	44921425	XM_003997012.5	0	-	44915057	44921329	0	2	684,693,	0,6179,
chrE1	44916968	44921440	XM_023243762.1	0	-	44919453	44921329	0	2	2533,708,	0,3764,
chrE1	44964498	44991301	XM_003996997.5	0	-	44965473	44973593	0	5	1267,88,204,233,236,	0,4616,8141,8983,26567,
chrE1	44964498	44991304	XM_011289236.3	0	-	44965473	44991135	0	4	1267,88,204,239,	0,4616,8141,26567,
chrE1	44964501	44984534	XM_011289235.3	0	-	44965473	44973593	0	5	1264,88,204,233,110,	0,4613,8138,8980,19923,
chrE1	44964501	44991427	XM_006940429.4	0	-	44965473	44973593	0	5	1264,88,204,233,108,	0,4613,8138,8980,26818,
chrE1	44964501	44991456	XM_019818009.2	0	-	44965473	44973593	0	5	1264,88,204,233,93,	0,4613,8138,8980,26862,
chrE1	44984637	44986375	XR_002149240.2	0	+	44986375	44986375	0	2	194,1468,	0,270,
chrE1	44991486	45022763	XM_003996998.5	0	+	44991765	45022414	0	13	116,178,109,145,119,92,117,171,109,171,168,138,370,	0,232,11870,14506,21592,22295,23258,24186,25161,28177,28972,30112,30907,
chrE1	45028097	45043540	XM_023243638.1	0	-	45028728	45043498	0	15	720,150,136,167,117,151,135,153,145,202,229,130,229,162,70,	0,899,1124,1500,2269,3091,3345,5128,6597,6923,7581,8741,9159,9506,15373,
chrE1	45028097	45043546	XM_023243637.1	0	-	45028728	45043498	0	15	720,150,136,167,117,163,135,153,145,202,229,130,229,162,76,	0,899,1124,1500,2269,3091,3345,5128,6597,6923,7581,8741,9159,9506,15373,
chrE1	45028097	45047089	XM_023243642.1	0	-	45028728	45037736	0	16	720,150,136,167,117,163,135,153,145,202,229,130,229,162,163,99,	0,899,1124,1500,2269,3091,3345,5128,6597,6923,7581,8741,9159,9506,17994,18893,
chrE1	45028097	45047262	XM_023243641.1	0	-	45028728	45047129	0	15	720,150,136,167,117,151,135,153,145,202,229,130,229,162,272,	0,899,1124,1500,2269,3091,3345,5128,6597,6923,7581,8741,9159,9506,18893,
chrE1	45028097	45047263	XM_023243640.1	0	-	45028728	45047129	0	15	720,150,136,167,117,163,135,153,145,202,229,130,229,162,273,	0,899,1124,1500,2269,3091,3345,5128,6597,6923,7581,8741,9159,9506,18893,
chrE1	45048797	45055148	XM_019818017.2	0	+	45049774	45054564	0	9	167,121,85,121,90,110,79,131,710,	0,951,1142,1487,1856,2221,2419,3090,5641,
chrE1	45048798	45055148	XM_006940440.4	0	+	45049395	45054564	0	10	166,397,121,85,121,90,71,76,131,710,	0,288,950,1141,1486,1855,2259,2421,3089,5640,
chrE1	45048805	45055148	XM_019818013.2	0	+	45049395	45054564	0	10	159,397,121,85,121,90,71,79,131,710,	0,281,943,1134,1479,1848,2252,2411,3082,5633,
chrE1	45048812	45053582	XM_019818015.2	0	+	45049395	45052473	0	10	152,397,121,85,121,90,110,79,131,1187,	0,274,936,1127,1472,1841,2206,2404,3075,3583,
chrE1	45048820	45055148	XM_019818012.2	0	+	45049395	45054564	0	10	144,397,121,85,121,90,110,76,131,710,	0,266,928,1119,1464,1833,2198,2399,3067,5618,
chrE1	45048832	45055148	XM_011289234.2	0	+	45049395	45054564	0	10	132,397,121,85,121,87,71,76,131,707,	0,254,916,1107,1452,1824,2225,2387,3055,5609,
chrE1	45048832	45055148	XM_003996999.4	0	+	45049395	45054564	0	10	132,397,121,85,121,87,71,76,131,710,	0,254,916,1107,1452,1824,2225,2387,3055,5606,
chrE1	45048832	45055148	XM_019818014.1	0	+	45049395	45054564	0	10	132,397,121,85,121,87,71,79,131,710,	0,254,916,1107,1452,1824,2225,2384,3055,5606,
chrE1	45048832	45055148	XM_006940435.3	0	+	45049395	45054564	0	10	132,397,121,85,121,87,110,79,131,710,	0,254,916,1107,1452,1824,2186,2384,3055,5606,
chrE1	45048832	45055148	XM_019818011.2	0	+	45049395	45054564	0	10	132,397,121,85,121,90,110,79,131,707,	0,254,916,1107,1452,1821,2186,2384,3055,5609,
chrE1	45048832	45055148	XM_006940434.3	0	+	45049395	45054564	0	10	132,397,121,85,121,90,110,79,131,710,	0,254,916,1107,1452,1821,2186,2384,3055,5606,
chrE1	45059024	45061373	XM_003997000.5	0	+	45059686	45060766	0	1	2349,	0,
chrE1	45067936	45073591	XM_011289267.1	0	+	45067936	45073365	0	3	144,114,1021,	0,1871,4634,
chrE1	45100705	45125693	XM_023244521.1	0	+	45100824	45125317	0	28	248,84,114,74,84,138,18,109,77,94,75,111,150,102,271,306,125,203,235,69,81,130,164,102,96,121,99,112,	0,8640,10244,11024,11482,11965,12398,13708,14441,14728,15745,16131,17575,18250,18515,19034,19530,20551,21226,21706,22805,22969,23252,23614,23860,24237,24520,24876,
chrE1	45100705	45126023	XM_006940443.4	0	+	45100824	45125685	0	27	248,84,84,74,84,138,18,109,77,94,75,111,150,102,271,306,125,203,235,69,81,130,164,102,96,121,442,	0,8640,10244,11024,11482,11965,12398,13708,14441,14728,15745,16131,17575,18250,18515,19034,19530,20551,21226,21706,22805,22969,23252,23614,23860,24237,24876,
chrE1	45100705	45126023	XM_023244520.1	0	+	45100824	45125685	0	27	248,84,114,74,84,138,18,109,77,94,75,111,150,102,271,306,125,203,235,69,81,130,164,102,96,121,442,	0,8640,10244,11024,11482,11965,12398,13708,14441,14728,15745,16131,17575,18250,18515,19034,19530,20551,21226,21706,22805,22969,23252,23614,23860,24237,24876,
chrE1	45100824	45125693	XM_023244523.1	0	+	45100824	45125317	0	27	129,84,114,74,84,138,109,77,94,75,111,150,102,271,306,125,203,235,69,81,130,164,102,96,121,99,112,	0,8521,10125,10905,11363,11846,13589,14322,14609,15626,16012,17456,18131,18396,18915,19411,20432,21107,21587,22686,22850,23133,23495,23741,24118,24401,24757,
chrE1	45100824	45126023	XM_023244522.1	0	+	45100824	45125685	0	26	129,84,114,74,84,138,109,77,94,75,111,150,102,271,306,125,203,235,69,81,130,164,102,96,121,442,	0,8521,10125,10905,11363,11846,13589,14322,14609,15626,16012,17456,18131,18396,18915,19411,20432,21107,21587,22686,22850,23133,23495,23741,24118,24757,
chrE1	45126063	45140828	XM_011289230.2	0	-	45126083	45140785	0	12	157,159,179,121,72,144,56,225,863,55,55,56,	0,485,765,1191,1395,1836,2833,3005,5752,6918,7796,14709,
chrE1	45126063	45140828	XM_023244526.1	0	-	45126083	45140785	0	12	157,159,179,121,72,144,53,225,863,55,55,56,	0,485,765,1191,1395,1836,2833,3005,5752,6918,7796,14709,
chrE1	45126567	45140828	XM_023244527.1	0	-	45126676	45140785	0	10	140,121,72,144,56,225,863,55,55,56,	0,687,891,1332,2329,2501,5248,6414,7292,14205,
chrE1	45129491	45131639	XR_002149241.1	0	-	45131639	45131639	0	3	56,55,57,	0,1681,2091,
chrE1	45140966	45141915	XR_002149242.1	0	+	45141915	45141915	0	2	114,233,	0,716,
chrE1	45141648	45185777	XM_023244525.1	0	-	45143162	45161835	0	17	1679,101,145,107,375,151,164,105,132,130,138,618,211,70,273,158,95,	0,2014,3242,3817,4133,5459,5883,7703,8314,8632,14850,16178,16906,18723,19934,22282,44034,
chrE1	45141648	45185793	XM_023244524.1	0	-	45143162	45161835	0	16	1679,101,145,107,375,151,164,105,132,130,138,618,211,70,273,111,	0,2014,3242,3817,4133,5459,5883,7703,8314,8632,14850,16178,16906,18723,19934,44034,
chrE1	45222465	45226225	XR_002149243.1	0	+	45226225	45226225	0	2	557,851,	0,2909,
chrE1	45241871	45257182	XM_023243892.1	0	-	45243479	45254950	0	16	1786,106,135,78,99,108,106,99,105,91,68,84,81,183,405,2289,	0,1907,2132,2378,2618,2790,3027,4041,6470,7039,7568,7986,8142,8464,8969,13022,
chrE1	45241871	45266981	XM_023243893.1	0	-	45243479	45250882	0	16	1786,106,135,78,99,108,106,99,105,91,68,84,81,183,405,161,	0,1907,2132,2378,2618,2790,3027,4041,6470,7039,7568,7986,8142,8464,8969,24949,
chrE1	45241871	45274204	XM_023243890.1	0	-	45243479	45271463	0	18	1786,106,135,78,99,108,106,99,105,91,68,84,81,183,405,678,137,291,	0,1907,2132,2378,2618,2790,3027,4041,6470,7039,7568,7986,8142,8464,8969,28932,30996,32042,
chrE1	45241871	45274204	XM_023243891.1	0	-	45243479	45271463	0	18	1786,106,135,78,99,108,85,99,105,91,68,84,81,183,405,678,137,291,	0,1907,2132,2378,2618,2790,3048,4041,6470,7039,7568,7986,8142,8464,8969,28932,30996,32042,
chrE1	45275510	45323878	XM_023243888.1	0	-	45277712	45318022	0	12	2314,158,64,194,146,921,271,412,627,248,89,110,	0,3149,3790,9124,13022,15467,19115,28961,35833,38198,42464,48258,
chrE1	45277862	45323879	XM_023243887.1	0	-	45278526	45318022	0	11	955,64,194,146,921,271,412,627,248,89,111,	0,1438,6772,10670,13115,16763,26609,33481,35846,40112,45906,
chrE1	45278670	45323878	XM_023243889.1	0	-	45278777	45318022	0	11	176,64,194,146,921,271,412,627,248,89,110,	0,630,5964,9862,12307,15955,25801,32673,35038,39304,45098,
chrE1	45280158	45323857	XM_023243885.1	0	-	45281088	45318022	0	11	1366,194,146,921,271,412,627,248,89,143,89,	0,4476,8374,10819,14467,24313,31185,33550,37816,41075,43610,
chrE1	45280158	45323858	XM_023243884.1	0	-	45281088	45318022	0	11	1366,194,146,921,271,412,627,248,89,183,90,	0,4476,8374,10819,14467,24313,31185,33550,37816,41075,43610,
chrE1	45280158	45323880	XM_023243886.1	0	-	45281088	45318022	0	10	1366,194,146,921,268,412,627,248,89,112,	0,4476,8374,10819,14467,24313,31185,33550,37816,43610,
chrE1	45280159	45323880	XM_023243882.1	0	-	45281088	45318022	0	10	1365,194,146,921,271,412,627,248,89,112,	0,4475,8373,10818,14466,24312,31184,33549,37815,43609,
chrE1	45288675	45295237	XR_002738066.1	0	+	45295237	45295237	0	3	463,167,274,	0,1194,6288,
chrE1	45323914	45334240	XR_002738061.1	0	+	45334240	45334240	0	4	92,87,345,367,	0,7277,8698,9959,
chrE1	45323914	45334240	XR_002738065.1	0	+	45334240	45334240	0	4	92,87,659,367,	0,7277,8384,9959,
chrE1	45325175	45332788	XR_002738067.1	0	-	45332788	45332788	0	2	400,108,	0,7505,
chrE1	45327555	45334240	XR_002738064.1	0	+	45334240	45334240	0	4	53,87,345,367,	0,3636,5057,6318,
chrE1	45330628	45334240	XR_002738062.1	0	+	45334240	45334240	0	4	368,87,345,367,	0,563,1984,3245,
chrE1	45331002	45334240	XR_002738060.1	0	+	45334240	45334240	0	3	276,345,367,	0,1610,2871,
chrE1	45331002	45334240	XR_002738063.1	0	+	45334240	45334240	0	3	276,659,367,	0,1296,2871,
chrE1	45337646	45383587	XM_023244472.1	0	-	45337672	45383294	0	13	123,143,55,50,39,69,4817,119,75,72,72,72,3589,	0,223,445,2240,5373,5414,5861,12709,20871,21509,37970,40013,42352,
chrE1	45338091	45400457	XR_002738220.1	0	-	45400457	45400457	0	6	55,99,78,123,180,433,	0,55896,56948,57945,61387,61933,
chrE1	45343044	45400457	XR_002738222.1	0	-	45400457	45400457	0	6	85,99,78,123,180,433,	0,50943,51995,52992,56434,56980,
chrE1	45343089	45400457	XR_002738223.1	0	-	45400457	45400457	0	6	40,86,78,123,180,433,	0,48479,51950,52947,56389,56935,
chrE1	45369304	45370966	XR_002738225.1	0	+	45370966	45370966	0	2	877,94,	0,1568,
chrE1	45375646	45400457	XM_023244477.1	0	-	45377698	45400120	0	8	42,72,86,99,169,123,180,433,	0,2013,15922,18341,19393,20390,23832,24378,
chrE1	45377659	45400457	XR_002738221.1	0	-	45400457	45400457	0	6	72,99,78,123,180,433,	0,16328,17380,18377,21819,22365,
chrE1	45384493	45400456	XM_023244473.1	0	-	45386199	45400120	0	7	1719,2977,99,169,123,180,432,	0,2242,9494,10546,11543,14985,15531,
chrE1	45389584	45400457	XM_023244478.1	0	-	45389700	45400120	0	7	128,86,99,169,123,180,433,	0,1984,4403,5455,6452,9894,10440,
chrE1	45389584	45400457	XM_023244479.1	0	-	45389700	45400120	0	6	128,86,169,123,180,433,	0,1984,5455,6452,9894,10440,
chrE1	45389601	45400457	XR_002738219.1	0	-	45400457	45400457	0	6	111,99,78,123,180,433,	0,4386,5438,6435,9877,10423,
chrE1	45389770	45400457	XM_023244474.1	0	-	45389816	45400120	0	7	241,86,99,169,123,180,433,	0,1798,4217,5269,6266,9708,10254,
chrE1	45389770	45400457	XM_023244476.1	0	-	45389841	45400120	0	6	241,99,169,123,180,433,	0,4217,5269,6266,9708,10254,
chrE1	45389770	45400457	XM_023244475.1	0	-	45389816	45400120	0	6	241,86,169,123,180,433,	0,1798,5269,6266,9708,10254,
chrE1	45389897	45400457	XR_002738218.1	0	-	45400457	45400457	0	6	114,99,78,123,180,433,	0,4090,5142,6139,9581,10127,
chrE1	45389897	45400457	XR_002738224.1	0	-	45400457	45400457	0	6	114,86,78,123,180,433,	0,1671,5142,6139,9581,10127,
chrE1	45391009	45400457	XM_023244482.1	0	-	45391639	45400120	0	5	645,78,123,180,433,	0,4030,5027,8469,9015,
chrE1	45391600	45400457	XR_002738217.1	0	-	45400457	45400457	0	6	54,99,78,123,180,433,	0,2387,3439,4436,7878,8424,
chrE1	45394602	45400457	XM_023244480.1	0	-	45394697	45400120	0	5	127,169,123,180,433,	0,437,1434,4876,5422,
chrE1	45394602	45400457	XM_023244481.1	0	-	45394705	45400120	0	5	127,78,123,180,433,	0,437,1434,4876,5422,
chrE1	45401770	45411566	XM_023244489.1	0	-	45402788	45405916	0	6	652,98,79,187,227,239,	0,986,1937,2881,4007,9557,
chrE1	45411531	45412048	XR_002738226.1	0	+	45412048	45412048	0	2	78,232,	0,285,
chrE1	45429191	45437572	XM_023244491.1	0	+	45429443	45429806	0	3	1067,466,224,	0,2478,8157,
chrE1	45429191	45437572	XM_023244492.1	0	+	45429443	45429806	0	3	1078,466,224,	0,2478,8157,
chrE1	45454591	45471141	XM_023244485.1	0	-	45456039	45464818	0	6	1610,141,133,109,65,66,	0,4813,7362,8315,10187,16484,
chrE1	45454591	45471169	XM_023244486.1	0	-	45456039	45464818	0	6	1610,141,133,106,65,94,	0,4813,7362,8315,10187,16484,
chrE1	45454591	45471459	XM_023244483.1	0	-	45456039	45471361	0	6	1610,141,133,109,65,127,	0,4813,7362,8315,10187,16741,
chrE1	45454591	45471459	XM_023244487.1	0	-	45456039	45471361	0	5	1610,133,109,65,127,	0,7362,8315,10187,16741,
chrE1	45454591	45471460	XM_023244484.1	0	-	45456039	45471361	0	6	1610,141,133,106,65,128,	0,4813,7362,8315,10187,16741,
chrE1	45454591	45471460	XM_023244488.1	0	-	45456039	45471361	0	5	1610,133,106,65,128,	0,7362,8315,10187,16741,
chrE1	45502079	45516851	XM_023243469.1	0	-	45505654	45516851	0	5	4049,122,141,279,94,	0,4889,5013,7191,14678,
chrE1	45553466	45599347	XM_019818026.2	0	+	45553637	45595573	0	5	251,242,266,488,111,	0,36799,40651,41627,45770,
chrE1	45553467	45599342	XM_003997020.4	0	+	45553637	45595573	0	5	250,242,266,488,111,	0,36798,40650,41626,45764,
chrE1	45605202	45755451	XM_023244667.1	0	-	45606827	45755362	0	21	1671,56,114,135,80,67,134,157,96,188,75,166,200,156,76,108,167,40,100,86,101,	0,2130,5599,7676,29198,31320,44160,47587,49877,57600,57976,59175,74277,105099,108302,108847,111953,120918,124461,126841,150148,
chrE1	45764144	45783659	XM_003997022.4	0	+	45766598	45782005	0	5	120,167,111,125,1816,	0,2435,9812,15635,17699,
chrE1	45812985	45839629	XR_002738034.1	0	+	45839629	45839629	0	10	680,873,101,99,88,146,207,157,137,167,	0,1377,2792,3166,7383,15557,15849,18439,19915,26477,
chrE1	45812985	45853554	XR_002738033.1	0	+	45853554	45853554	0	10	680,873,101,99,88,146,207,157,137,537,	0,1377,2792,3166,7383,15557,15849,18439,19915,40032,
chrE1	45812985	45870266	XR_002738030.1	0	+	45870266	45870266	0	12	680,268,101,99,88,146,207,157,137,111,88,50,	0,1982,2792,3166,7383,15557,15849,18439,19915,48626,49472,57231,
chrE1	45812985	45870266	XR_002738027.1	0	+	45870266	45870266	0	13	680,95,268,101,99,88,146,207,157,137,111,88,50,	0,1377,1982,2792,3166,7383,15557,15849,18439,19915,48626,49472,57231,
chrE1	45812985	45870266	XR_002738032.1	0	+	45870266	45870266	0	11	680,873,101,99,88,207,157,137,111,88,50,	0,1377,2792,3166,7383,15849,18439,19915,48626,49472,57231,
chrE1	45812985	45870266	XR_002738031.1	0	+	45870266	45870266	0	12	680,873,101,99,88,146,207,157,137,111,85,50,	0,1377,2792,3166,7383,15557,15849,18439,19915,48626,49475,57231,
chrE1	45812985	45870266	XR_002738026.1	0	+	45870266	45870266	0	12	680,873,101,99,88,146,207,157,137,111,88,50,	0,1377,2792,3166,7383,15557,15849,18439,19915,48626,49472,57231,
chrE1	45812985	45870266	XR_002738029.1	0	+	45870266	45870266	0	13	680,873,101,99,88,68,143,207,157,137,111,88,50,	0,1377,2792,3166,7383,13456,15560,15849,18439,19915,48626,49472,57231,
chrE1	45812985	45870266	XR_002738028.1	0	+	45870266	45870266	0	13	680,873,101,99,88,68,146,207,157,137,111,88,50,	0,1377,2792,3166,7383,13456,15557,15849,18439,19915,48626,49472,57231,
chrE1	45872135	45874254	XR_441903.2	0	+	45874254	45874254	0	2	626,1258,	0,861,
chrE1	45920376	45963759	XM_019818029.2	0	+	45920520	45963743	0	11	177,88,156,86,107,121,154,61,73,86,128,	0,20775,29230,33274,38982,39832,40179,40630,42762,43090,43255,
chrE1	45920376	45966006	XM_019818028.2	0	+	45920520	45964843	0	13	177,88,156,86,107,121,154,61,73,86,136,42,1304,	0,20775,29230,33274,38982,39832,40179,40630,42762,43090,43398,43714,44326,
chrE1	45920378	45966006	XM_004001535.5	0	+	45920520	45964843	0	13	175,88,120,86,107,121,154,61,73,86,136,42,1304,	0,20773,29228,33272,38980,39830,40177,40628,42760,43088,43396,43712,44324,
chrE1	45974122	45976369	XM_011289275.3	0	+	45974134	45976258	0	1	2247,	0,
chrE1	46005890	46102367	XM_019818031.2	0	+	46056332	46102101	0	13	172,159,66,306,56,198,133,54,266,93,82,113,482,	0,50425,61428,66734,69719,72360,73557,75189,77552,88035,91509,92993,95995,
chrE1	46005890	46102367	XM_006940455.4	0	+	46056332	46102101	0	14	172,159,87,87,66,306,56,198,133,54,266,82,113,482,	0,50425,54935,57544,61428,66734,69719,72360,73557,75189,77552,91509,92993,95995,
chrE1	46005891	46102367	XM_019818030.2	0	+	46056332	46102101	0	14	171,159,87,66,306,56,198,133,54,266,93,82,113,482,	0,50424,54934,61427,66733,69718,72359,73556,75188,77551,88034,91508,92992,95994,
chrE1	46005891	46102367	XM_006940453.4	0	+	46056332	46102101	0	15	171,159,87,87,66,306,56,198,133,54,266,93,82,113,482,	0,50424,54934,57543,61427,66733,69718,72359,73556,75188,77551,88034,91508,92992,95994,
chrE1	46005896	46102367	XM_006940456.4	0	+	46056332	46102101	0	14	166,159,87,87,66,306,56,133,54,266,93,82,113,482,	0,50419,54929,57538,61422,66728,69713,73551,75183,77546,88029,91503,92987,95989,
chrE1	46005897	46102367	XM_019818034.2	0	+	46056332	46102101	0	12	165,159,66,56,198,133,54,266,93,82,113,482,	0,50418,61421,69712,72353,73550,75182,77545,88028,91502,92986,95988,
chrE1	46005897	46102367	XM_019818033.2	0	+	46056332	46102101	0	13	165,159,87,66,56,198,133,54,266,93,82,113,482,	0,50418,54928,61421,69712,72353,73550,75182,77545,88028,91502,92986,95988,
chrE1	46005897	46102367	XM_006940454.4	0	+	46056332	46102101	0	14	165,159,87,87,66,306,56,198,133,266,93,82,113,482,	0,50418,54928,57537,61421,66727,69712,72353,73550,77545,88028,91502,92986,95988,
chrE1	46005898	46102367	XM_006940458.4	0	+	46056332	46102101	0	14	164,159,87,87,66,56,198,133,54,266,93,82,113,482,	0,50417,54927,57536,61420,69711,72352,73549,75181,77544,88027,91501,92985,95987,
chrE1	46005901	46102367	XM_019818032.2	0	+	46056332	46102101	0	13	161,159,87,87,66,306,56,133,266,93,82,113,482,	0,50414,54924,57533,61417,66723,69708,73546,77541,88024,91498,92982,95984,
chrE1	46005903	46102367	XM_006940459.4	0	+	46056332	46102101	0	13	159,159,87,87,66,56,133,54,266,93,82,113,482,	0,50412,54922,57531,61415,69706,73544,75176,77539,88022,91496,92980,95982,
chrE1	46005908	46102367	XM_019818038.2	0	+	46056332	46102101	0	10	154,159,87,66,56,133,266,82,113,482,	0,50407,54917,61410,69701,73539,77534,91491,92975,95977,
chrE1	46005908	46102367	XM_019818036.2	0	+	46056332	46102101	0	11	154,159,87,66,56,133,266,93,82,113,482,	0,50407,54917,61410,69701,73539,77534,88017,91491,92975,95977,
chrE1	46005908	46102367	XM_003997029.5	0	+	46056332	46102101	0	11	154,159,87,87,66,56,133,266,82,113,482,	0,50407,54917,57526,61410,69701,73539,77534,91491,92975,95977,
chrE1	46005908	46102367	XM_003997030.5	0	+	46056332	46102101	0	12	154,159,87,87,66,56,133,266,93,82,113,482,	0,50407,54917,57526,61410,69701,73539,77534,88017,91491,92975,95977,
chrE1	46005909	46102367	XM_019818039.2	0	+	46056332	46102101	0	9	153,159,66,56,133,266,82,113,482,	0,50406,61409,69700,73538,77533,91490,92974,95976,
chrE1	46005909	46102367	XM_019818037.2	0	+	46056332	46102101	0	10	153,159,66,56,133,266,93,82,113,482,	0,50406,61409,69700,73538,77533,88016,91490,92974,95976,
chrE1	46028253	46033625	XR_002149260.2	0	-	46033625	46033625	0	2	399,1985,	0,3387,
chrE1	46107414	46290711	XM_011289278.3	0	-	46108988	46245218	0	16	1802,253,113,58,122,149,189,183,172,196,110,105,142,1372,138,107,	0,2422,3551,3915,4561,8166,8647,9348,15797,35384,36417,46535,54956,136515,182201,183190,
chrE1	46107414	46291495	XM_019818040.2	0	-	46108988	46245218	0	16	1802,253,113,58,122,149,189,183,172,196,110,105,142,1372,138,82,	0,2422,3551,3915,4561,8166,8647,9348,15797,35384,36417,46535,54956,136515,182201,183999,
chrE1	46107578	46262161	XM_011289277.3	0	-	46108988	46245218	0	15	1638,253,113,58,122,149,189,183,172,196,110,105,142,1372,111,	0,2258,3387,3751,4397,8002,8483,9184,15633,35220,36253,46371,54792,136351,154472,
chrE1	46107578	46262161	XM_011289280.3	0	-	46108988	46245218	0	14	1638,253,113,58,122,149,183,172,196,110,105,142,1372,111,	0,2258,3387,3751,4397,8002,9184,15633,35220,36253,46371,54792,136351,154472,
chrE1	46107578	46262161	XM_011289279.3	0	-	46108988	46245218	0	14	1638,253,113,58,122,149,189,183,172,196,110,142,1372,111,	0,2258,3387,3751,4397,8002,8483,9184,15633,35220,36253,54792,136351,154472,
chrE1	46316994	46386190	XM_006940467.4	0	-	46318410	46371043	0	18	1499,157,75,129,118,209,153,173,208,100,116,115,212,155,98,126,76,108,	0,3363,4332,10065,14090,18845,20536,23810,24189,25380,32451,35248,36342,36652,37545,41985,53981,69088,
chrE1	46316994	46386229	XM_003997032.5	0	-	46318410	46386109	0	19	1499,157,75,129,118,209,153,173,208,100,116,115,212,155,98,126,148,76,147,	0,3363,4332,10065,14090,18845,20536,23810,24189,25380,32451,35248,36342,36652,37545,41985,43718,53981,69088,
chrE1	46316994	46386229	XM_006940466.4	0	-	46318410	46386109	0	19	1499,157,75,129,118,209,153,170,208,100,116,115,212,155,98,126,148,76,147,	0,3363,4332,10065,14090,18845,20536,23810,24189,25380,32451,35248,36342,36652,37545,41985,43718,53981,69088,
chrE1	46316994	46386229	XR_002149261.2	0	-	46386229	46386229	0	19	1499,176,75,129,118,209,153,173,208,100,116,115,212,155,98,126,148,76,147,	0,3363,4332,10065,14090,18845,20536,23810,24189,25380,32451,35248,36342,36652,37545,41985,43718,53981,69088,
