track name="tb_ncbiRefSeq" description="table browser query on ncbiRefSeq" visibility=3 url= 
chrA3	133157874	133275036	XR_002155221.2	0	+	133275036	133275036	0	4	232,53,144,114,	0,35412,93125,117048,
chrA3	133322205	133322310	XR_002741409.1	0	+	133322310	133322310	0	1	105,	0,
chrA3	133348970	133351669	XR_002740852.1	0	+	133351669	133351669	0	2	149,258,	0,2441,
chrA3	133372224	133374129	XR_002155223.2	0	-	133374129	133374129	0	2	246,389,	0,1516,
chrA3	133529549	133556197	XM_003984494.5	0	-	133531626	133554790	0	3	2546,293,1677,	0,19923,24971,
chrA3	133625930	133628861	XR_002155471.2	0	-	133628861	133628861	0	3	48,591,1050,	0,564,1881,
chrA3	134064625	134069956	XR_002741322.1	0	+	134069956	134069956	0	3	527,191,1764,	0,1217,3567,
chrA3	134145237	134179197	XR_002741323.1	0	-	134179197	134179197	0	6	1452,97,159,132,401,132,	0,6284,8050,12381,33175,33828,
chrA3	134145237	134179197	XR_002741324.1	0	-	134179197	134179197	0	7	688,605,97,159,132,401,132,	0,847,6284,8050,12381,33175,33828,
chrA3	134219894	134223585	XR_002155233.2	0	-	134223585	134223585	0	2	1731,309,	0,3382,
chrA3	134299594	134301019	XR_002155237.2	0	-	134301019	134301019	0	2	425,298,	0,1127,
chrA3	134303474	134357450	XM_019827894.1	0	-	134305130	134357441	0	21	1816,104,115,153,87,149,127,80,93,70,94,191,94,310,130,105,126,308,63,96,201,	0,4767,5635,11984,21711,22279,23404,28234,31355,34789,35506,37294,38119,39328,40947,44356,46784,48991,50805,52929,53775,
chrA3	134303474	134357450	XM_011281322.1	0	-	134305130	134357441	0	20	1816,104,115,153,87,149,127,80,93,70,94,191,94,310,130,126,308,63,96,201,	0,4767,5635,11984,21711,22279,23404,28234,31355,34789,35506,37294,38119,39328,40947,46784,48991,50805,52929,53775,
chrA3	134303474	134357450	XM_023252093.1	0	-	134305130	134357441	0	20	1816,104,115,153,87,149,127,80,93,70,94,191,94,310,130,105,126,308,96,201,	0,4767,5635,11984,21711,22279,23404,28234,31355,34789,35506,37294,38119,39328,40947,44356,46784,48991,52929,53775,
chrA3	134303474	134374385	XM_011281323.2	0	-	134305130	134357441	0	22	1816,104,115,153,87,149,127,80,93,70,94,191,94,310,130,108,126,308,63,96,201,108,	0,4767,5635,11984,21711,22279,23404,28234,31355,34789,35506,37294,38119,39328,40947,44356,46784,48991,50805,52929,53775,70803,
chrA3	134303474	134386546	XM_019827896.2	0	-	134305130	134357441	0	22	1816,104,115,153,87,149,127,80,93,70,94,191,94,310,130,108,126,308,63,96,201,274,	0,4767,5635,11984,21711,22279,23404,28234,31355,34789,35506,37294,38119,39328,40947,44356,46784,48991,50805,52929,53775,82798,
chrA3	134303474	134432878	XM_023252094.1	0	-	134305130	134432843	0	21	1816,104,115,153,87,149,127,80,93,70,94,191,94,310,130,126,308,96,201,57,113,	0,4767,5635,11984,21711,22279,23404,28234,31355,34789,35506,37294,38119,39328,40947,46784,48991,52929,53775,94449,129291,
chrA3	134303474	134432879	XM_003984496.5	0	-	134305130	134432843	0	22	1816,104,115,153,87,149,127,80,93,70,94,191,94,310,130,108,126,308,96,201,57,114,	0,4767,5635,11984,21711,22279,23404,28234,31355,34789,35506,37294,38119,39328,40947,44356,46784,48991,52929,53775,94449,129291,
chrA3	134303474	134432880	XM_011281321.3	0	-	134305130	134432843	0	23	1816,104,115,153,87,149,127,80,93,70,94,191,94,310,130,108,126,308,63,96,201,57,115,	0,4767,5635,11984,21711,22279,23404,28234,31355,34789,35506,37294,38119,39328,40947,44356,46784,48991,50805,52929,53775,94449,129291,
chrA3	134431944	134440708	XR_002741328.1	0	+	134440708	134440708	0	3	624,639,1142,	0,4004,7622,
chrA3	134441100	134449320	XM_019828119.1	0	+	134441100	134449320	0	7	175,264,128,111,139,91,253,	0,177,443,4750,4863,6904,7967,
chrA3	134455373	134546754	XM_023252097.1	0	-	134457003	134531808	0	33	1794,139,201,136,219,175,205,162,143,159,103,614,90,200,116,340,137,196,181,198,120,129,351,186,144,114,129,144,183,177,120,181,149,	0,2952,3559,5792,7799,10020,10574,14364,17974,19077,21763,24369,27845,29250,31350,32822,36865,37924,39076,40037,40839,41673,45613,47924,51260,51891,55513,57801,59333,67142,70008,76278,91232,
chrA3	134455373	134551365	XM_023252099.1	0	-	134457003	134531808	0	33	1794,139,201,136,219,175,205,162,143,159,103,614,90,200,116,340,137,196,181,198,120,129,351,186,144,114,129,144,183,177,120,181,799,	0,2952,3559,5792,7799,10020,10574,14364,17974,19077,21763,24369,27845,29250,31350,32822,36865,37924,39076,40037,40839,41673,45613,47924,51260,51891,55513,57801,59333,67142,70008,76278,95193,
chrA3	134455373	134600442	XM_023252096.1	0	-	134457003	134531808	0	34	1794,139,201,136,219,175,205,162,143,159,103,614,90,200,116,340,137,196,181,198,120,129,351,186,144,114,129,144,183,177,120,181,173,499,	0,2952,3559,5792,7799,10020,10574,14364,17974,19077,21763,24369,27845,29250,31350,32822,36865,37924,39076,40037,40839,41673,45613,47924,51260,51891,55513,57801,59333,67142,70008,76278,77341,144570,
chrA3	134455373	134600442	XM_023252095.1	0	-	134457003	134531808	0	33	1794,139,201,136,219,175,205,162,143,159,103,614,90,200,116,340,137,196,181,198,120,129,351,186,144,114,129,144,183,177,120,181,499,	0,2952,3559,5792,7799,10020,10574,14364,17974,19077,21763,24369,27845,29250,31350,32822,36865,37924,39076,40037,40839,41673,45613,47924,51260,51891,55513,57801,59333,67142,70008,76278,144570,
chrA3	134455373	134600442	XM_023252101.1	0	-	134457003	134531808	0	33	1794,139,201,136,219,175,205,162,143,159,103,614,90,200,116,340,137,193,181,198,120,129,351,186,144,114,129,144,183,177,120,181,499,	0,2952,3559,5792,7799,10020,10574,14364,17974,19077,21763,24369,27845,29250,31350,32822,36865,37924,39076,40037,40839,41673,45613,47924,51260,51891,55513,57801,59333,67142,70008,76278,144570,
chrA3	134455373	134600442	XM_023252100.1	0	-	134457003	134531808	0	33	1794,139,201,136,219,175,205,162,143,159,103,614,90,200,116,340,137,196,181,198,120,129,348,186,144,114,129,144,183,177,120,181,499,	0,2952,3559,5792,7799,10020,10574,14364,17974,19077,21763,24369,27845,29250,31350,32822,36865,37924,39076,40037,40839,41673,45613,47924,51260,51891,55513,57801,59333,67142,70008,76278,144570,
chrA3	134455373	134600779	XM_023252098.1	0	-	134457003	134531808	0	33	1794,139,201,136,219,175,205,162,143,159,103,614,90,200,116,340,137,196,181,198,120,129,351,186,144,114,129,144,183,177,120,181,110,	0,2952,3559,5792,7799,10020,10574,14364,17974,19077,21763,24369,27845,29250,31350,32822,36865,37924,39076,40037,40839,41673,45613,47924,51260,51891,55513,57801,59333,67142,70008,76278,145296,
chrA3	134488361	134600449	XM_023252102.1	0	-	134488467	134531808	0	18	125,137,196,181,198,120,129,351,186,144,114,129,144,183,177,120,181,506,	0,3877,4936,6088,7049,7851,8685,12625,14936,18272,18903,22525,24813,26345,34154,37020,43290,111582,
chrA3	134616063	134637531	XM_023252103.1	0	+	134616368	134636357	0	7	413,55,217,156,115,148,1224,	0,8927,12756,14696,16455,19497,20244,
chrA3	134678840	134684762	XR_002155239.2	0	-	134684762	134684762	0	2	227,1958,	0,3964,
chrA3	134694854	134697441	XR_002155474.1	0	+	134697441	134697441	0	2	272,856,	0,1731,
chrA3	134726548	134865648	XM_023252104.1	0	+	134726578	134860887	0	35	171,82,101,138,261,145,139,92,160,61,12,80,49,136,92,247,107,160,161,185,70,104,187,94,95,180,169,171,71,89,79,262,214,101,3470,	0,57829,58867,72284,83764,92999,94992,98848,99729,101819,102477,103796,104027,104671,104912,105237,105842,108616,111430,112148,115974,116964,117229,119604,119800,120646,121005,121522,123508,124527,125012,126225,126574,134251,135630,
chrA3	134726548	134865648	XM_006930517.4	0	+	134726578	134860887	0	35	171,82,101,138,261,145,139,92,160,61,12,80,49,136,92,247,107,160,161,185,70,104,187,94,95,180,169,177,71,89,79,262,214,101,3470,	0,57829,58867,72284,83764,92999,94992,98848,99729,101819,102477,103796,104027,104671,104912,105237,105842,108616,111430,112148,115974,116964,117229,119604,119800,120646,121005,121522,123508,124527,125012,126225,126574,134251,135630,
chrA3	134726578	134860856	XM_023252106.1	0	+	134726578	134854955	0	35	141,82,101,138,261,145,139,92,160,61,12,80,49,136,92,247,107,160,161,185,70,104,187,94,95,180,169,177,71,89,79,262,214,62,57,	0,57799,58837,72254,83734,92969,94962,98818,99699,101789,102447,103766,103997,104641,104882,105207,105812,108586,111400,112118,115944,116934,117199,119574,119770,120616,120975,121492,123478,124497,124982,126195,126544,128343,134221,
chrA3	134726578	134865648	XM_019827905.2	0	+	134726578	134860887	0	34	141,82,101,138,261,145,139,92,160,61,12,80,49,136,92,247,107,160,161,185,70,104,187,94,95,180,169,71,89,79,262,214,101,3470,	0,57799,58837,72254,83734,92969,94962,98818,99699,101789,102447,103766,103997,104641,104882,105207,105812,108586,111400,112118,115944,116934,117199,119574,119770,120616,120975,123478,124497,124982,126195,126544,134221,135600,
chrA3	134726578	134865648	XM_023252107.1	0	+	134726578	134862182	0	34	141,82,101,138,261,145,139,92,160,61,12,80,49,136,92,247,107,160,161,185,70,104,187,94,95,180,169,177,71,89,79,262,214,3470,	0,57799,58837,72254,83734,92969,94962,98818,99699,101789,102447,103766,103997,104641,104882,105207,105812,108586,111400,112118,115944,116934,117199,119574,119770,120616,120975,121492,123478,124497,124982,126195,126544,135600,
chrA3	134726578	134865648	XM_023252105.1	0	+	134726578	134854955	0	35	141,82,101,138,261,145,139,92,160,61,12,80,49,136,92,247,107,160,161,185,70,104,187,94,95,180,169,177,71,89,79,262,214,62,3470,	0,57799,58837,72254,83734,92969,94962,98818,99699,101789,102447,103766,103997,104641,104882,105207,105812,108586,111400,112118,115944,116934,117199,119574,119770,120616,120975,121492,123478,124497,124982,126195,126544,128343,135600,
chrA3	134752779	134752883	XR_002741380.1	0	+	134752883	134752883	0	1	104,	0,
chrB2	41383260	41387555	XR_002157788.2	0	+	41387555	41387555	0	3	126,178,358,	0,297,3937,
chrB2	41400965	41405600	XR_002742609.1	0	+	41405600	41405600	0	3	62,151,133,	0,898,4502,
chrB2	41422252	41442921	XR_440292.3	0	-	41442921	41442921	0	4	211,100,106,75,	0,3700,4439,20594,
chrB2	41422252	41442921	XR_002157059.2	0	-	41442921	41442921	0	4	211,100,93,75,	0,3700,4439,20594,
chrB2	41492130	41674061	XM_003986090.3	0	-	41494750	41534575	0	3	3599,1425,890,	0,41045,181041,
chrB2	41613790	41617532	XR_002742275.1	0	+	41617532	41617532	0	3	320,142,528,	0,1291,3214,
chrB2	41630068	41640220	XR_002157063.2	0	+	41640220	41640220	0	3	610,130,1481,	0,5454,8671,
chrB2	41630068	41640220	XR_002157062.2	0	+	41640220	41640220	0	3	610,151,1481,	0,5433,8671,
chrB2	41801289	41803173	XR_002157790.2	0	+	41803173	41803173	0	6	343,202,67,194,170,36,	0,543,836,1042,1479,1848,
chrB2	41801291	41803173	XR_440293.3	0	+	41803173	41803173	0	6	341,108,67,194,170,36,	0,541,834,1040,1477,1846,
chrB2	41889174	41897209	XR_002742610.1	0	+	41897209	41897209	0	3	95,177,170,	0,1373,7865,
chrB2	41889174	41899295	XR_002157793.2	0	+	41899295	41899295	0	3	95,177,230,	0,1373,9891,
chrB2	42037816	42039974	XR_002157794.2	0	-	42039974	42039974	0	3	261,40,188,	0,1489,1970,
chrB2	42081954	42093644	XM_003986122.5	0	-	42083458	42093235	0	9	1709,114,101,68,102,263,301,446,447,	0,2834,3097,4030,4351,5079,6065,6888,11243,
chrB2	42094890	42098132	XM_003986123.3	0	+	42096716	42097859	0	4	696,190,142,474,	0,1806,2368,2768,
chrB2	42107558	42119726	XM_003986124.5	0	+	42107717	42116665	0	3	317,564,415,	0,8563,11753,
chrB2	42121907	42126920	XM_019830580.2	0	-	42122469	42126763	0	6	665,113,59,145,80,24,	0,2025,3163,4148,4817,4989,
chrB2	42121907	42127576	XM_003986125.4	0	-	42122469	42126763	0	6	665,113,59,145,80,142,	0,2025,3163,4148,4817,5527,
chrB2	42121907	42127576	XM_019830581.2	0	-	42122554	42126763	0	5	665,59,145,80,142,	0,3163,4148,4817,5527,
chrB2	42121909	42127695	XM_006931686.4	0	-	42122469	42126763	0	6	663,113,59,145,80,113,	0,2023,3161,4146,4815,5673,
chrB2	42128021	42161868	XM_023253950.1	0	+	42139475	42159302	0	8	185,147,132,106,167,174,102,2620,	0,11436,23949,24286,25748,26978,28136,31227,
chrB2	42128058	42161868	XM_006931692.3	0	+	42134924	42159302	0	9	148,133,147,132,106,149,174,102,2620,	0,6808,11399,23912,24249,25729,26941,28099,31190,
chrB2	42128058	42161868	XM_003986126.4	0	+	42134924	42159302	0	9	148,133,147,132,106,167,174,102,2620,	0,6808,11399,23912,24249,25711,26941,28099,31190,
chrB2	42128058	42161868	XM_019830579.2	0	+	42134924	42159302	0	10	148,133,81,147,132,106,167,174,102,2620,	0,6808,8497,11399,23912,24249,25711,26941,28099,31190,
chrB2	42128058	42161868	XM_006931689.3	0	+	42134924	42159302	0	10	148,133,84,147,132,106,167,174,102,2620,	0,6808,8497,11399,23912,24249,25711,26941,28099,31190,
chrB2	42128058	42161868	XM_006931690.3	0	+	42134924	42159302	0	10	148,133,84,147,132,106,167,174,102,2620,	0,6808,8494,11399,23912,24249,25711,26941,28099,31190,
chrB2	42128058	42161868	XM_006931691.3	0	+	42134924	42159302	0	10	148,133,87,147,132,106,149,174,102,2620,	0,6808,8494,11399,23912,24249,25729,26941,28099,31190,
chrB2	42128058	42161868	XM_006931687.3	0	+	42134924	42159302	0	10	148,133,87,147,132,106,167,174,102,2620,	0,6808,8494,11399,23912,24249,25711,26941,28099,31190,
chrB2	42128058	42161868	XM_006931688.3	0	+	42134924	42159302	0	10	148,148,87,147,132,106,167,174,102,2620,	0,6793,8494,11399,23912,24249,25711,26941,28099,31190,
chrB2	42128442	42161868	XM_011282232.3	0	+	42134924	42159302	0	10	140,133,87,147,132,106,167,174,102,2620,	0,6424,8110,11015,23528,23865,25327,26557,27715,30806,
chrB2	42128752	42161868	XM_023253949.1	0	+	42134924	42159302	0	10	23,133,87,147,132,106,167,174,102,2620,	0,6114,7800,10705,23218,23555,25017,26247,27405,30496,
chrB2	42162827	42211366	XM_023253946.1	0	+	42163117	42210008	0	27	447,105,39,144,206,91,89,192,122,77,190,56,154,190,87,272,134,126,276,330,64,220,126,173,157,97,113,	0,1237,4628,5438,16712,17174,17355,18047,18919,23308,23484,24173,24972,25288,26652,27932,28724,29473,31836,32945,38353,39621,40199,43599,44693,47091,48426,
chrB2	42162827	42211745	XM_023253947.1	0	+	42163117	42210008	0	27	447,105,39,144,206,91,89,192,122,77,190,56,154,190,87,272,134,126,276,330,64,220,126,173,157,97,111,	0,1237,4628,5438,16712,17174,17355,18047,18919,23308,23484,24173,24972,25288,26652,27932,28724,29473,31836,32945,38353,39621,40199,43599,44693,47091,48807,
chrB2	42162827	42212281	XR_002742278.1	0	+	42212281	42212281	0	27	447,105,39,144,206,91,89,192,122,77,190,56,154,190,87,272,134,126,276,330,64,220,126,173,157,123,112,	0,1237,4628,5438,16712,17174,17355,18047,18919,23308,23484,24173,24972,25288,26652,27932,28724,29473,31836,32945,38353,39621,40199,43599,44693,48807,49342,
chrB2	42162828	42212281	XM_023253944.1	0	+	42163117	42211756	0	30	446,105,39,144,206,91,89,192,122,77,190,56,154,190,87,272,134,126,276,330,64,220,126,173,157,205,97,119,123,112,	0,1236,4627,5437,16711,17173,17354,18046,18918,23307,23483,24172,24971,25287,26651,27931,28723,29472,31835,32944,38352,39620,40198,43598,44692,46796,47090,48425,48806,49341,
chrB2	42162828	42212282	XM_023253948.1	0	+	42163117	42211703	0	27	446,105,39,144,206,91,89,192,122,77,190,56,154,190,87,272,134,126,276,330,64,220,126,173,157,118,113,	0,1236,4627,5437,16711,17173,17354,18046,18918,23307,23483,24172,24971,25287,26651,27931,28723,29472,31835,32944,38352,39620,40198,43598,44692,48806,49341,
chrB2	42162828	42212281	XR_002742277.1	0	+	42212281	42212281	0	29	446,105,39,144,206,91,89,192,122,77,190,56,154,190,87,272,134,126,276,330,64,220,126,173,157,205,97,123,112,	0,1236,4627,5437,16711,17173,17354,18046,18918,23307,23483,24172,24971,25287,26651,27931,28723,29472,31835,32944,38352,39620,40198,43598,44692,46796,47090,48806,49341,
chrB2	42162828	42212282	XR_002742276.1	0	+	42212282	42212282	0	29	446,105,39,144,206,91,89,192,122,77,190,56,154,190,87,272,134,126,276,330,64,220,126,173,157,205,97,118,113,	0,1236,4627,5437,16711,17173,17354,18046,18918,23307,23483,24172,24971,25287,26651,27931,28723,29472,31835,32944,38352,39620,40198,43598,44692,46796,47090,48806,49341,
chrB2	42162830	42213853	XM_023253943.1	0	+	42163117	42213723	0	31	444,105,39,144,206,91,89,192,122,77,190,56,154,190,87,272,134,126,276,330,64,220,126,173,157,205,97,119,118,199,238,	0,1234,4625,5435,16709,17171,17352,18044,18916,23305,23481,24170,24969,25285,26649,27929,28721,29470,31833,32942,38350,39618,40196,43596,44690,46794,47088,48423,48804,49339,50785,
chrB2	42162832	42213853	XM_023253942.1	0	+	42163117	42213683	0	31	442,105,39,206,91,89,192,122,77,190,56,154,190,87,272,134,126,276,330,64,220,126,173,157,205,97,119,118,199,214,238,	0,1232,4623,16707,17169,17350,18042,18914,23303,23479,24168,24967,25283,26647,27927,28719,29468,31831,32940,38348,39616,40194,43594,44688,46792,47086,48421,48802,49337,50059,50783,
chrB2	42162832	42213853	XM_006931757.4	0	+	42163117	42213683	0	32	442,105,39,144,206,91,89,192,122,77,190,56,154,190,87,272,134,126,276,330,64,220,126,173,157,205,97,119,118,199,214,238,	0,1232,4623,5433,16707,17169,17350,18042,18914,23303,23479,24168,24967,25283,26647,27927,28719,29468,31831,32940,38348,39616,40194,43594,44688,46792,47086,48421,48802,49337,50059,50783,
chrB2	42163282	42213853	XM_023253941.1	0	+	42163490	42213683	0	32	239,105,39,144,206,91,89,192,122,77,190,56,154,190,87,272,134,126,276,330,64,220,126,173,157,205,97,119,118,199,214,238,	0,782,4173,4983,16257,16719,16900,17592,18464,22853,23029,23718,24517,24833,26197,27477,28269,29018,31381,32490,37898,39166,39744,43144,44238,46342,46636,47971,48352,48887,49609,50333,
chrB2	42179636	42213853	XM_023253945.1	0	+	42180250	42213683	0	27	109,89,192,122,77,190,56,154,190,87,272,134,126,276,330,64,220,126,173,157,205,97,119,118,199,214,238,	0,546,1238,2110,6499,6675,7364,8163,8479,9843,11123,11915,12664,15027,16136,21544,22812,23390,26790,27884,29988,30282,31617,31998,32533,33255,33979,
chrB2	42222519	42228721	XM_019830582.2	0	-	42222764	42227665	0	6	560,53,86,115,330,1099,	0,908,1441,1944,4574,5103,
chrB2	42222519	42230560	XM_006931693.4	0	-	42222764	42227665	0	7	560,53,86,115,330,420,547,	0,908,1441,1944,4574,5103,7494,
chrB2	42231464	42236192	XM_003986128.5	0	-	42231751	42236053	0	5	304,194,91,351,179,	0,400,1303,2776,4549,
chrB2	42232064	42236196	XM_019830583.2	0	-	42232390	42236053	0	4	501,91,351,183,	0,703,2176,3949,
chrB2	42245267	42256604	XM_006931696.3	0	-	42248172	42256468	0	7	3154,107,119,76,333,364,238,	0,4026,6086,7507,9246,9772,11099,
chrB2	42245267	42256604	XM_006931697.3	0	-	42248172	42256468	0	7	3154,98,119,76,333,364,238,	0,4035,6086,7507,9246,9772,11099,
chrB2	42257078	42267369	XM_023253951.1	0	-	42258873	42267088	0	5	1890,107,418,321,342,	0,2194,3320,7301,9949,
chrB2	42257078	42267369	XM_023253952.1	0	-	42258940	42267088	0	4	1890,418,321,342,	0,3320,7301,9949,
chrB2	42268205	42274914	XR_440294.3	0	+	42274914	42274914	0	4	153,150,57,200,	0,723,5931,6509,
chrB2	42268205	42274914	XR_002157066.2	0	+	42274914	42274914	0	4	153,150,73,200,	0,723,5931,6509,
chrB2	42277390	42287532	XR_002742279.1	0	-	42287532	42287532	0	3	353,116,173,	0,8303,9969,
chrB2	42292980	42302927	XM_003986129.4	0	-	42293246	42302816	0	4	372,211,354,160,	0,4573,6152,9787,
chrB2	42356432	42364092	XM_003986182.2	0	+	42356432	42364092	0	5	55,342,130,113,131,	0,201,6592,6829,7529,
chrB2	42395466	42396883	XR_002742280.1	0	-	42396883	42396883	0	4	152,193,108,169,	0,727,1004,1248,
chrB2	42395821	42396882	XR_002157067.2	0	-	42396882	42396882	0	3	565,108,168,	0,649,893,
chrB2	42484485	42487117	XR_002742611.1	0	-	42487117	42487117	0	3	1500,191,114,	0,1917,2518,
chrB2	42544100	42547615	XR_002157069.2	0	-	42547615	42547615	0	4	336,137,192,457,	0,1249,1887,3058,
chrB2	42544100	42547615	XR_002157068.2	0	-	42547615	42547615	0	4	336,137,192,307,	0,1249,1887,3208,
chrB2	42548058	42599328	XM_023253954.1	0	+	42566128	42597576	0	18	108,229,90,123,81,148,214,105,88,84,208,77,102,51,122,67,170,1900,	0,18054,30723,36679,37422,38803,39072,39533,40439,41524,41690,41980,42937,45854,46542,48170,48726,49370,
chrB2	42548058	42599328	XM_023253953.1	0	+	42566128	42597576	0	18	108,229,90,123,87,148,214,105,88,84,208,77,102,51,122,67,170,1900,	0,18054,30723,36679,37416,38803,39072,39533,40439,41524,41690,41980,42937,45854,46542,48170,48726,49370,
chrB2	42566128	42597576	XM_023253955.1	0	+	42566128	42597576	0	16	213,90,123,81,148,214,105,88,84,208,77,102,122,67,170,148,	0,12653,18609,19352,20733,21002,21463,22369,23454,23620,23910,24867,28472,30100,30656,31300,
chrB2	42566128	42597576	XM_006931706.4	0	+	42566128	42597576	0	16	213,90,123,87,148,211,105,88,84,172,77,102,122,67,170,148,	0,12653,18609,19346,20733,21005,21463,22369,23454,23656,23910,24867,28472,30100,30656,31300,
chrB2	42566128	42597576	XM_006931705.4	0	+	42566128	42597576	0	16	213,90,123,87,148,214,105,88,84,172,77,102,122,67,170,148,	0,12653,18609,19346,20733,21002,21463,22369,23454,23656,23910,24867,28472,30100,30656,31300,
chrB2	42566128	42597576	XM_006931703.3	0	+	42566128	42597576	0	16	213,90,123,87,148,214,105,88,84,208,77,102,122,67,170,148,	0,12653,18609,19346,20733,21002,21463,22369,23454,23620,23910,24867,28472,30100,30656,31300,
chrB2	42566128	42599328	XM_006931700.3	0	+	42566128	42597576	0	17	213,90,123,87,148,211,105,88,84,208,77,102,51,122,67,170,1900,	0,12653,18609,19346,20733,21005,21463,22369,23454,23620,23910,24867,27784,28472,30100,30656,31300,
chrB2	42566128	42599328	XM_006931702.3	0	+	42566128	42597576	0	17	213,90,123,87,148,214,105,88,84,172,77,102,51,122,67,170,1900,	0,12653,18609,19346,20733,21002,21463,22369,23454,23656,23910,24867,27784,28472,30100,30656,31300,
chrB2	42633575	42649628	XM_023253957.1	0	+	42635478	42649069	0	5	260,87,183,225,816,	0,1892,9522,12627,15237,
chrB2	42634478	42649628	XM_023253958.1	0	+	42635478	42649069	0	5	86,87,183,225,816,	0,989,8619,11724,14334,
chrB2	42635153	42649628	XM_023253956.1	0	+	42635478	42649069	0	5	174,87,183,225,816,	0,314,7944,11049,13659,
chrB2	42680149	42680878	XR_002157072.2	0	+	42680878	42680878	0	2	149,166,	0,563,
chrB2	42682789	42710443	XM_006931710.4	0	-	42683459	42689986	0	10	1159,148,76,57,121,78,114,141,298,92,	0,2319,3048,3741,3892,5879,6580,6695,6921,27562,
chrB2	42737347	42740322	XR_002742281.1	0	+	42740322	42740322	0	3	1357,514,322,	0,1555,2653,
chrB2	42739166	42747999	XM_003986131.5	0	-	42739302	42747622	0	9	289,99,148,123,200,119,118,151,436,	0,981,1490,2273,4009,4686,5920,6324,8397,
chrB2	42745069	42747405	XR_002157071.1	0	+	42747405	42747405	0	2	126,458,	0,1878,
chrB2	42768484	42776789	XM_003986132.5	0	-	42768841	42774974	0	6	1272,158,162,187,89,205,	0,1548,2557,5158,6424,8100,
chrB2	42776942	42785017	XM_023253966.1	0	+	42781220	42784993	0	7	1150,144,108,138,204,190,383,	0,4266,4937,5774,6185,6996,7692,
chrB2	42778664	42785017	XM_023253965.1	0	+	42781220	42784993	0	7	63,144,108,138,204,190,383,	0,2544,3215,4052,4463,5274,5970,
chrB2	42779227	42785017	XM_023253967.1	0	+	42781220	42784993	0	7	78,144,108,138,111,190,383,	0,1981,2652,3489,3993,4711,5407,
chrB2	42779227	42785017	XM_023253964.1	0	+	42781220	42784993	0	7	78,144,108,138,204,190,383,	0,1981,2652,3489,3900,4711,5407,
chrB2	42785469	42786879	XM_003986133.5	0	+	42785581	42786319	0	3	240,105,324,	0,753,1086,
chrB2	42786879	42830165	XM_023253963.1	0	-	42793262	42802718	0	6	6574,206,109,205,1366,1293,	0,7767,8468,12975,14501,41993,
chrB2	42786879	42871453	XM_023253960.1	0	-	42793262	42802718	0	8	6574,206,109,205,1366,74,82,1000,	0,7767,8468,12975,14501,56786,81428,83574,
chrB2	42786879	42871785	XM_023253961.1	0	-	42793262	42802718	0	8	6574,206,109,205,1366,74,82,113,	0,7767,8468,12975,14501,56786,81428,84793,
chrB2	42786879	42871912	XM_023253962.1	0	-	42793262	42802718	0	8	6574,206,109,205,1366,74,82,47,	0,7767,8468,12975,14501,56786,81428,84986,
chrB2	42786879	42879215	XM_023253959.1	0	-	42793262	42802718	0	8	6574,206,109,205,1366,74,82,113,	0,7767,8468,12975,14501,56786,81428,92223,
chrB2	42836572	42842227	XR_002742282.1	0	+	42842227	42842227	0	2	3554,958,	0,4697,
chrB2	42877737	42888684	XM_003986134.4	0	-	42879376	42888558	0	4	1855,254,155,140,	0,3693,8048,10807,
chrB2	42877739	42888924	XM_019830588.2	0	-	42879376	42885930	0	4	1853,254,155,184,	0,3691,8046,11001,
chrB2	42888998	42898431	XM_003986135.5	0	+	42889100	42897536	0	7	367,163,139,134,161,103,1241,	0,3814,6049,6536,7240,7568,8192,
chrB2	42899533	42906697	XM_011282227.3	0	-	42900576	42906576	0	5	1211,137,160,216,319,	0,1710,2597,5785,6845,
chrB2	42899533	42997750	XM_023253969.1	0	-	42900576	42905489	0	6	1211,137,160,216,80,186,	0,1710,2597,5785,33368,98031,
chrB2	42899533	42997750	XM_023253971.1	0	-	42900576	42901366	0	5	1211,137,160,80,186,	0,1710,2597,33368,98031,
chrB2	42899533	42997750	XM_023253968.1	0	-	42900576	42997570	0	5	1211,137,160,216,186,	0,1710,2597,5785,98031,
chrB2	42899533	42997754	XM_023253970.1	0	-	42900576	42997570	0	4	1211,137,160,190,	0,1710,2597,98031,
chrB2	42998929	43017755	XM_019830592.2	0	+	42998983	43014289	0	8	99,157,99,63,125,148,143,3472,	0,889,5039,5482,6584,11435,12986,15354,
chrB2	42998929	43017755	XM_019830590.2	0	+	42998983	43013744	0	9	99,157,99,63,125,148,143,102,3472,	0,889,5039,5482,6584,11435,12986,14722,15354,
chrB2	42998929	43017755	XM_019830589.2	0	+	42998983	43013744	0	8	99,157,99,63,125,148,143,4104,	0,889,5039,5482,6584,11435,12986,14722,
chrB2	42998929	43018590	XM_003986137.4	0	+	42998983	43018590	0	8	99,157,99,63,125,148,143,144,	0,889,5039,5482,6584,11435,12986,19517,
chrB2	42998929	43020957	XM_006931715.3	0	+	42998983	43018904	0	9	99,157,99,63,125,148,143,140,2066,	0,889,5039,5482,6584,11435,12986,19517,19962,
chrB2	43027501	43076764	XM_023253973.1	0	-	43043975	43076580	0	6	541,149,3454,76,107,329,	0,16443,17247,23141,38544,48934,
chrB2	43042506	43076764	XM_023253972.1	0	-	43043975	43076580	0	5	1587,3454,76,107,329,	0,2242,8136,23539,33929,
chrB2	43088346	43094506	XM_011282225.3	0	+	43088442	43094320	0	2	105,516,	0,5644,
chrB2	43092604	43094506	XM_011282224.3	0	+	43093268	43094320	0	2	673,516,	0,1386,
chrB2	43100339	43102449	XR_002157077.2	0	-	43102449	43102449	0	3	200,106,109,	0,1655,2001,
chrB2	43102229	43109538	XM_003986138.4	0	+	43102508	43108969	0	4	480,150,94,739,	0,5678,6199,6570,
chrB2	43111222	43121494	XM_003986139.3	0	-	43111512	43121338	0	4	418,121,150,363,	0,1164,3068,9909,
chrB2	43129060	43148934	XM_003986140.4	0	-	43130681	43148883	0	7	1705,90,109,137,73,65,99,	0,2177,3980,5931,8058,8222,19775,
chrB2	43129060	43148934	XM_006931716.3	0	-	43130681	43148883	0	7	1705,90,109,137,70,65,99,	0,2177,3980,5931,8058,8222,19775,
chrB2	43129060	43149010	XM_023253974.1	0	-	43130681	43148995	0	7	1705,90,109,137,73,65,171,	0,2177,3980,5931,8058,8222,19779,
chrB2	43129060	43149010	XM_023253975.1	0	-	43130681	43148995	0	7	1705,90,109,137,70,65,171,	0,2177,3980,5931,8058,8222,19779,
chrB2	43153454	43363251	XM_011282223.3	0	-	43156856	43193575	0	20	3727,212,204,111,89,76,104,140,67,250,138,240,151,47,635,1063,115,83,82,127,	0,6790,9574,16089,18096,26264,27861,28097,30195,30953,31204,34876,36172,37180,38679,39316,69773,124810,209166,209670,
chrB2	43208534	43214852	XR_002157079.2	0	+	43214852	43214852	0	3	434,112,750,	0,5116,5568,
chrB2	43248455	43255777	XR_002157082.2	0	+	43255777	43255777	0	4	513,156,1338,622,	0,2854,4509,6700,
chrB4	76542297	76547486	XR_002743869.1	0	+	76547486	76547486	0	2	101,353,	0,4836,
chrB4	76564907	76605855	XM_011283884.3	0	-	76565136	76602829	0	18	315,101,98,187,221,102,71,122,38,90,126,71,122,128,123,141,184,113,	0,3124,3945,4872,6323,13253,13472,15243,19285,19324,20339,21603,22391,31805,32762,36404,37769,40835,
chrB4	76614672	76631430	XM_003988593.4	0	-	76615683	76631089	0	10	1132,143,107,114,200,172,135,69,123,396,	0,2312,3196,3909,6998,7607,8252,8962,11314,16362,
chrB4	76614672	76631432	XM_019834847.2	0	-	76615683	76626104	0	11	1132,143,107,114,200,172,135,69,123,112,398,	0,2312,3196,3909,6998,7607,8252,8962,11314,11741,16362,
chrB4	76642836	76664795	XM_003988595.5	0	-	76643142	76664461	0	28	425,72,55,65,88,51,91,182,126,98,147,82,40,83,151,79,89,113,147,77,61,85,169,122,107,54,213,340,	0,1247,1427,2118,2541,3557,3722,4027,4299,4896,6913,7384,9911,10771,10938,11295,11678,12073,12711,13048,13233,13601,14241,14554,15031,15222,20925,21619,
chrB4	76642836	76664796	XM_023256988.1	0	-	76643142	76664461	0	26	425,72,55,65,88,51,91,182,126,98,147,82,40,83,151,79,89,113,147,85,169,122,107,54,213,341,	0,1247,1427,2118,2541,3557,3722,4027,4299,4896,6913,7384,9911,10771,10938,11295,11678,12073,12711,13601,14241,14554,15031,15222,20925,21619,
chrB4	76678773	76686404	XM_023256992.1	0	+	76678845	76685303	0	3	208,168,1238,	0,5599,6393,
chrB4	76687475	76707733	XM_011283886.2	0	-	76688606	76707718	0	26	1177,139,85,134,119,98,120,88,56,108,50,121,134,220,174,197,181,111,92,126,116,112,91,188,51,31,	0,1349,2761,3155,3771,5063,5390,6588,6851,7923,9256,9566,9895,11363,12740,13160,13566,13888,14201,14627,14967,15712,16037,16265,19936,20227,
chrB4	76687475	76713572	XM_006933642.4	0	-	76688606	76713513	0	26	1177,139,85,134,119,98,120,88,56,108,50,121,134,220,174,197,181,111,92,126,116,112,91,188,51,111,	0,1349,2761,3155,3771,5063,5390,6588,6851,7923,9256,9566,9895,11363,12740,13160,13566,13888,14201,14627,14967,15712,16037,16265,19936,25986,
chrB4	76687475	76722744	XM_023256991.1	0	-	76688606	76703881	0	26	1177,139,85,134,119,98,120,88,56,108,50,121,134,220,174,197,181,111,92,126,116,112,91,188,51,19,	0,1349,2761,3155,3771,5063,5390,6588,6851,7923,9256,9566,9895,11363,12740,13160,13566,13888,14201,14627,14967,15712,16037,16265,19936,35250,
chrB4	76687475	76723609	XM_023256990.1	0	-	76688606	76723424	0	25	1177,139,85,134,119,98,120,88,56,108,50,121,134,220,174,197,181,111,92,126,116,112,91,188,204,	0,1349,2761,3155,3771,5063,5390,6588,6851,7923,9256,9566,9895,11363,12740,13160,13566,13888,14201,14627,14967,15712,16037,16265,35930,
chrB4	76687475	76723610	XM_023256989.1	0	-	76688606	76723424	0	26	1177,139,85,134,119,98,120,88,56,108,50,121,134,220,174,197,181,111,92,126,116,112,91,188,51,205,	0,1349,2761,3155,3771,5063,5390,6588,6851,7923,9256,9566,9895,11363,12740,13160,13566,13888,14201,14627,14967,15712,16037,16265,19936,35930,
chrB4	76687475	76723951	XM_011283885.2	0	-	76688606	76723936	0	26	1177,139,85,134,119,98,120,88,56,108,50,121,134,220,174,197,181,111,92,126,116,112,91,188,51,85,	0,1349,2761,3155,3771,5063,5390,6588,6851,7923,9256,9566,9895,11363,12740,13160,13566,13888,14201,14627,14967,15712,16037,16265,19936,36391,
chrB4	76687475	76723951	XM_011283887.2	0	-	76688606	76723936	0	25	1177,139,85,134,119,98,120,88,56,108,50,121,134,220,174,197,181,92,126,116,112,91,188,51,85,	0,1349,2761,3155,3771,5063,5390,6588,6851,7923,9256,9566,9895,11363,12740,13160,13566,14201,14627,14967,15712,16037,16265,19936,36391,
chrB4	76687475	76723951	XM_019834849.1	0	-	76688606	76723936	0	26	1177,139,85,134,119,98,120,88,56,108,50,121,134,220,174,197,181,111,92,126,116,112,64,188,51,85,	0,1349,2761,3155,3771,5063,5390,6588,6851,7923,9256,9566,9895,11363,12740,13160,13566,13888,14201,14627,14967,15712,16037,16265,19936,36391,
chrB4	76745211	76790494	XM_019834852.2	0	-	76747762	76777675	0	9	2811,117,152,172,121,185,131,148,104,	0,4122,4455,10807,13693,14084,22136,32327,45179,
chrB4	76745211	76801867	XM_011283890.2	0	-	76747762	76777675	0	9	2811,117,152,172,121,185,131,148,75,	0,4122,4455,10807,13693,14084,22136,32327,56581,
chrB4	76745211	76801905	XM_003988596.5	0	-	76747762	76777675	0	9	2811,117,152,172,121,185,131,148,102,	0,4122,4455,10807,13693,14084,22136,32327,56592,
chrB4	76745211	76803040	XM_019834851.2	0	-	76747762	76801995	0	9	2811,117,152,172,121,185,131,148,1085,	0,4122,4455,10807,13693,14084,22136,32327,56744,
chrB4	76847361	76852773	XM_003988598.3	0	+	76848101	76852136	0	8	126,212,64,160,141,50,54,734,	0,712,1781,2349,2600,3194,3696,4678,
chrB4	76847417	76852773	XM_006933646.2	0	+	76848101	76852136	0	8	70,284,64,160,141,50,54,734,	0,584,1725,2293,2544,3138,3640,4622,
chrB4	76847432	76852773	XM_003988597.4	0	+	76848101	76852136	0	8	129,212,64,160,141,50,54,734,	0,641,1710,2278,2529,3123,3625,4607,
chrB4	76847451	76852773	XM_006933648.3	0	+	76848101	76852136	0	8	32,212,64,160,141,50,54,734,	0,622,1691,2259,2510,3104,3606,4588,
chrB4	76847505	76852773	XM_019834853.2	0	+	76848101	76852136	0	8	97,212,64,160,141,50,54,734,	0,568,1637,2205,2456,3050,3552,4534,
chrB4	76847701	76852773	XM_006933649.4	0	+	76848101	76852136	0	8	89,212,64,160,141,50,54,734,	0,372,1441,2009,2260,2854,3356,4338,
chrB4	76847712	76852773	XM_006933647.4	0	+	76848101	76852136	0	8	126,212,64,160,141,50,54,734,	0,361,1430,1998,2249,2843,3345,4327,
chrB4	76867863	76899056	XM_023256993.1	0	-	76868304	76898889	0	54	588,243,188,289,108,54,108,54,108,54,108,108,162,54,54,108,54,54,54,54,108,99,45,54,54,57,54,99,54,99,54,108,54,99,45,99,54,45,54,45,54,54,54,54,54,45,78,102,54,33,33,17,207,252,	0,1047,1486,2152,2795,3307,3589,3844,4086,4367,4758,5106,5404,6302,6850,7496,7901,8303,8735,9028,9409,9712,9995,10239,10506,10877,11310,11752,12287,12497,12677,13127,13585,13831,14023,14377,15952,16439,19142,19741,20075,20247,20718,21537,22022,22170,22860,24153,24422,24574,24713,25187,26631,30941,
chrB4	76937387	76991748	XM_023256997.1	0	-	76938998	76991669	0	19	1620,96,85,80,204,132,156,85,39,55,287,104,172,160,42,85,131,48,293,	0,5194,5808,6834,7742,20763,21973,22364,23312,27563,29122,29491,36784,41066,45751,46647,48440,50031,54068,
chrB4	76941310	76986199	XM_023257001.1	0	-	76941569	76985941	0	18	322,96,85,80,204,132,156,85,39,55,287,104,172,160,42,85,131,103,	0,1271,1885,2911,3819,16840,18050,18441,19389,23640,25199,25568,32861,37143,41828,42724,44517,44786,
chrB4	76941310	76991413	XM_023256999.1	0	-	76941569	76987422	0	19	322,96,85,80,204,132,156,85,39,55,287,104,172,160,42,85,131,48,538,	0,1271,1885,2911,3819,16840,18050,18441,19389,23640,25199,25568,32861,37143,41828,42724,44517,46108,49565,
chrB4	76941310	76991414	XM_023256998.1	0	-	76941569	76990872	0	19	322,96,85,80,204,132,156,85,39,55,287,104,172,160,42,85,131,48,594,	0,1271,1885,2911,3819,16840,18050,18441,19389,23640,25199,25568,32861,37143,41828,42724,44517,46108,49510,
chrB4	76941310	76991748	XM_023256995.1	0	-	76941569	76991669	0	19	322,96,85,80,204,132,156,85,39,55,287,104,172,160,42,85,131,48,293,	0,1271,1885,2911,3819,16840,18050,18441,19389,23640,25199,25568,32861,37143,41828,42724,44517,46108,50145,
chrB4	76941310	76991748	XM_019834858.2	0	-	76941569	76991669	0	18	322,96,85,80,204,132,156,85,39,55,287,104,172,160,85,131,48,293,	0,1271,1885,2911,3819,16840,18050,18441,19389,23640,25199,25568,32861,37143,42724,44517,46108,50145,
chrB4	76941310	76991748	XM_023256996.1	0	-	76941569	76991669	0	18	322,96,85,80,204,132,156,85,39,55,287,104,172,160,42,85,131,293,	0,1271,1885,2911,3819,16840,18050,18441,19389,23640,25199,25568,32861,37143,41828,42724,44517,50145,
chrB4	76992777	77036357	XM_019834856.1	0	+	76992786	77035970	0	24	91,123,93,74,78,190,166,45,109,96,93,126,65,70,150,71,88,153,165,62,112,100,106,532,	0,742,22976,29245,30160,32108,32509,33410,33878,34099,34428,35139,36419,36975,37797,38364,38789,38951,39590,40829,41120,42537,42718,43048,
chrB4	76992777	77037962	XM_019834857.1	0	+	76992786	77035970	0	25	91,123,93,74,78,190,166,45,109,96,93,126,65,70,150,71,88,153,165,62,112,100,106,162,1227,	0,742,22976,29245,30160,32108,32509,33410,33878,34099,34428,35139,36419,36975,37797,38364,38789,38951,39590,40829,41120,42537,42718,43048,43958,
chrB4	76992777	77035414	XR_002159699.1	0	+	77035414	77035414	0	23	91,123,93,74,78,190,166,45,109,96,93,126,65,70,150,71,88,153,165,62,112,708,100,	0,742,22976,29245,30160,32108,32509,33410,33878,34099,34428,35139,36419,36975,37797,38364,38789,38951,39590,40829,41120,41596,42537,
chrB4	77012297	77036357	XM_006933653.2	0	+	77015761	77035970	0	23	124,93,74,78,190,166,45,109,96,93,126,65,70,150,71,88,153,165,62,112,100,106,532,	0,3456,9725,10640,12588,12989,13890,14358,14579,14908,15619,16899,17455,18277,18844,19269,19431,20070,21309,21600,23017,23198,23528,
chrB4	77037445	77045855	XM_019834862.2	0	-	77038751	77041275	0	3	1939,105,120,	0,3779,8290,
chrB4	77037445	77045862	XM_003988612.5	0	-	77038751	77042910	0	4	1939,105,160,127,	0,3779,5336,8290,
chrB4	77037445	77045863	XM_006933652.4	0	-	77038751	77042910	0	4	1939,105,164,128,	0,3779,5336,8290,
chrB4	77037445	77045868	XM_019834861.2	0	-	77038751	77042910	0	3	1939,164,133,	0,5336,8290,
chrB4	77037507	77070674	XM_019834860.2	0	-	77038751	77042910	0	5	1877,105,164,92,105,	0,3717,5274,32554,33062,
chrB4	77070857	77075393	XM_019834863.2	0	+	77073571	77074159	0	1	4536,	0,
chrB4	77089118	77094043	XM_023257003.1	0	-	77091251	77092208	0	1	4925,	0,
chrB4	77114365	77115873	XM_011284010.3	0	-	77114365	77115322	0	1	1508,	0,
chrB4	77215179	77217104	XM_019835841.1	0	+	77215179	77216922	0	3	27,148,955,	0,820,970,
chrB4	77219660	77235327	XM_023257002.1	0	-	77227670	77232418	0	6	8765,114,130,92,209,131,	0,9593,10593,11858,12574,15536,
chrB4	77284639	77287263	XM_003988649.3	0	-	77284824	77285736	0	1	2624,	0,
chrB4	77308790	77309702	XM_003988650.1	0	-	77308790	77309702	0	1	912,	0,
chrB4	77362423	77363528	XM_011284012.2	0	-	77362423	77363458	0	1	1105,	0,
chrB4	77386162	77387149	XM_023257755.1	0	-	77386162	77387098	0	1	987,	0,
chrB4	77421442	77422391	XM_003988652.2	0	-	77421473	77422391	0	1	949,	0,
chrB4	77439470	77465119	XR_002743871.1	0	+	77465119	77465119	0	9	105,113,31,110,33,25,49,115,221,	0,779,6135,6586,9832,11876,13585,22584,25428,
chrB4	77439470	77465119	XR_440745.3	0	+	77465119	77465119	0	10	105,113,137,31,39,33,25,49,115,221,	0,779,1483,6135,6657,9832,11876,13585,22584,25428,
chrB4	77439470	77465119	XR_002159703.2	0	+	77465119	77465119	0	11	105,113,137,83,31,39,33,25,49,115,221,	0,779,1483,5964,6135,6657,9832,11876,13585,22584,25428,
chrB4	77439471	77465119	XR_890538.3	0	+	77465119	77465119	0	9	104,113,31,39,33,25,49,115,221,	0,778,6134,6656,9831,11875,13584,22583,25427,
chrB4	77439672	77465119	XR_002159701.2	0	+	77465119	77465119	0	9	162,113,31,39,33,25,49,115,221,	0,577,5933,6455,9630,11674,13383,22382,25226,
chrB4	77503277	77504213	XM_003988653.1	0	+	77503277	77504213	0	1	936,	0,
chrB4	77508038	77508977	XM_011284015.1	0	+	77508038	77508977	0	1	939,	0,
chrB4	77542029	77542965	XM_003988654.1	0	+	77542029	77542965	0	1	936,	0,
chrB4	77556389	77557316	XM_003988655.1	0	+	77556389	77557316	0	1	927,	0,
chrB4	77569545	77570508	XM_003988656.1	0	+	77569545	77570508	0	1	963,	0,
chrB4	77585606	77586554	XM_003988657.1	0	+	77585606	77586554	0	1	948,	0,
chrB4	77597335	77599122	XM_003988658.3	0	+	77597533	77598487	0	1	1787,	0,
chrB4	77600217	77606389	XM_023257756.1	0	-	77600387	77605824	0	4	2297,185,536,2649,	0,2568,2852,3523,
chrB4	77612261	77615963	XM_023257005.1	0	+	77614576	77615548	0	1	3702,	0,
chrB4	77630925	77631966	XM_023257796.1	0	+	77630957	77631893	0	1	1041,	0,
chrB4	77654525	77658940	XM_003988615.4	0	-	77654797	77656796	0	4	333,76,159,2277,	0,854,1400,2138,
chrB4	77678593	77680538	XM_003988661.2	0	+	77678654	77679707	0	1	1945,	0,
chrB4	77684870	77688337	XM_011283893.3	0	+	77685120	77687701	0	4	389,162,79,703,	0,1630,2340,2764,
chrB4	77709393	77730797	XM_011283894.3	0	-	77710479	77730128	0	10	1142,151,254,97,167,164,115,179,259,117,	0,1786,8083,11894,13086,13478,18857,19514,20484,21287,
chrB4	77709393	77730797	XM_006933655.4	0	-	77710403	77730128	0	10	1142,120,254,97,167,164,115,179,259,117,	0,1817,8083,11894,13086,13478,18857,19514,20484,21287,
chrB4	77709393	77730797	XM_006933656.4	0	-	77710403	77730128	0	10	1142,120,152,97,167,164,115,179,259,117,	0,1817,8185,11894,13086,13478,18857,19514,20484,21287,
chrB4	77710426	77730797	XM_011283895.3	0	-	77711156	77730128	0	10	109,187,254,97,167,164,115,179,259,117,	0,717,7050,10861,12053,12445,17824,18481,19451,20254,
chrB4	77710736	77710871	XR_002744215.1	0	-	77710871	77710871	0	1	135,	0,
chrB4	77712283	77712416	XR_002744214.1	0	-	77712416	77712416	0	1	133,	0,
chrB4	77721059	77721196	XR_002744213.1	0	-	77721196	77721196	0	1	137,	0,
chrB4	77740522	77768873	XM_003988618.5	0	-	77740627	77768511	0	9	744,71,164,46,63,61,129,82,523,	0,9867,10096,11415,13369,15872,19081,25976,27828,
chrB4	77741153	77768873	XR_002159707.2	0	-	77768873	77768873	0	8	113,71,46,63,61,129,82,523,	0,9236,10784,12738,15241,18450,25345,27197,
chrB4	77775587	77803376	XM_023257008.1	0	+	77776097	77803242	0	5	690,58,123,145,183,	0,9600,25244,27020,27606,
chrB4	77775600	77803376	XM_023257009.1	0	+	77776198	77803242	0	4	677,123,145,183,	0,25231,27007,27593,
chrB4	77803743	77820885	XM_019834866.2	0	-	77806120	77819756	0	22	2503,125,205,264,130,36,179,159,117,88,98,148,26,129,142,159,128,112,122,150,856,1422,	0,2703,3653,4674,5255,5468,6390,6874,7314,7607,7872,8211,8592,8889,9134,9353,10004,10285,10493,10999,14749,15720,
chrB4	77803743	77820885	XM_006933657.4	0	-	77806120	77819756	0	22	2503,125,205,264,130,36,179,159,117,88,98,148,26,129,142,159,128,112,122,150,853,1422,	0,2703,3653,4674,5255,5468,6390,6874,7314,7607,7872,8211,8592,8889,9134,9353,10004,10285,10493,10999,14749,15720,
chrB4	77803743	77820886	XM_011283897.3	0	-	77806120	77819756	0	21	2503,125,205,264,130,36,179,159,117,88,98,148,26,129,142,128,112,122,150,856,1423,	0,2703,3653,4674,5255,5468,6390,6874,7314,7607,7872,8211,8592,8889,9134,10004,10285,10493,10999,14749,15720,
chrB4	77803743	77822506	XM_019834867.2	0	-	77806120	77819344	0	22	2503,125,205,264,130,36,179,159,117,88,98,148,26,129,142,159,128,112,122,150,856,151,	0,2703,3653,4674,5255,5468,6390,6874,7314,7607,7872,8211,8592,8889,9134,9353,10004,10285,10493,10999,14749,18612,
chrB4	77803743	77823763	XM_023257007.1	0	-	77806120	77819344	0	22	2503,125,205,264,130,36,179,159,117,88,98,148,26,129,142,159,128,112,122,150,853,87,	0,2703,3653,4674,5255,5468,6390,6874,7314,7607,7872,8211,8592,8889,9134,9353,10004,10285,10493,10999,14749,19933,
chrB4	77803743	77823774	XM_023257006.1	0	-	77806120	77819344	0	22	2503,125,205,264,130,36,179,159,117,88,98,148,26,129,142,159,128,112,122,150,856,98,	0,2703,3653,4674,5255,5468,6390,6874,7314,7607,7872,8211,8592,8889,9134,9353,10004,10285,10493,10999,14749,19933,
chrB4	77844066	77856514	XM_003988623.3	0	+	77844155	77855444	0	13	131,123,123,116,65,20,81,59,110,152,96,150,1385,	0,7198,7537,8107,8450,8734,8952,9234,9463,9876,10230,10455,11063,
chrB4	77847366	77856514	XM_003988622.4	0	+	77847574	77855444	0	13	253,123,123,116,65,20,81,59,110,152,96,150,1385,	0,3898,4237,4807,5150,5434,5652,5934,6163,6576,6930,7155,7763,
chrB4	77857350	77870409	XM_019834872.2	0	-	77858033	77866855	0	18	907,175,109,152,243,178,146,226,144,113,134,139,66,94,111,209,77,96,	0,1295,2228,2552,3116,4099,4639,5082,5409,5779,6029,6438,7386,7566,8558,9296,12420,12963,
chrB4	77857350	77870437	XM_003988626.4	0	-	77858033	77866855	0	17	907,175,109,152,243,178,146,226,144,113,134,139,66,94,111,209,124,	0,1295,2228,2552,3116,4099,4639,5082,5409,5779,6029,6438,7386,7566,8558,9296,12963,
chrB4	77874793	77881621	XM_003988627.4	0	-	77875036	77881508	0	5	489,135,110,88,233,	0,2006,3005,5728,6595,
chrB4	77897714	77914045	XR_002159708.2	0	+	77914045	77914045	0	4	233,63,61,2039,	0,1044,5526,14292,
chrB4	77916987	77928821	XM_003988628.4	0	+	77917194	77928738	0	8	339,168,170,139,198,219,153,401,	0,1173,7721,8562,9644,10037,11165,11433,
chrB4	77929203	77933437	XM_003988629.4	0	-	77929224	77932351	0	6	239,71,34,88,66,1212,	0,1554,1984,2282,2773,3022,
chrB4	77939753	77948868	XM_006933661.3	0	-	77942569	77944713	0	5	2978,125,111,241,62,	0,3533,3899,4812,9053,
chrB4	77939753	77959001	XM_006933660.4	0	-	77942569	77944713	0	6	2978,125,111,241,43,172,	0,3533,3899,4812,17831,19076,
chrB4	77939753	77959001	XM_003988630.5	0	-	77942569	77944713	0	5	2978,125,111,241,172,	0,3533,3899,4812,19076,
chrB4	77963212	77969877	XM_023257010.1	0	-	77963966	77968602	0	5	1213,374,263,120,316,	0,1868,4923,5316,6349,
chrB4	77963212	77973233	XM_023257011.1	0	-	77963966	77968602	0	6	1213,374,263,120,140,3198,	0,1868,4923,5316,6349,6823,
chrB4	77975930	77981871	XM_023257012.1	0	+	77977937	77980911	0	4	2111,254,266,1449,	0,2836,3752,4492,
chrB4	77975930	77981871	XR_002159709.2	0	+	77981871	77981871	0	5	2111,254,266,746,575,	0,2836,3752,4492,5366,
chrB4	77991674	77995869	XM_003988635.4	0	-	77993330	77995865	0	2	3571,213,	0,3982,
chrB4	77998799	78011674	XM_003988636.5	0	-	77999417	78011575	0	12	723,147,38,166,127,55,46,59,82,110,49,108,	0,862,1276,1468,1739,2182,2339,2525,2682,2964,8765,12767,
chrB4	77998799	78011688	XM_019834873.2	0	-	77999417	78011664	0	11	723,147,38,166,127,55,46,59,82,49,122,	0,862,1276,1468,1739,2182,2339,2525,2682,8765,12767,
chrB4	77998799	78011687	XR_002159710.2	0	-	78011687	78011687	0	11	723,147,166,127,55,46,59,82,153,49,121,	0,862,1468,1739,2182,2339,2525,2682,2964,8765,12767,
chrB4	77998804	78011686	XM_006933663.4	0	-	77999417	78011664	0	12	718,147,38,166,127,55,46,59,82,153,49,120,	0,857,1271,1463,1734,2177,2334,2520,2677,2959,8760,12762,
chrB4	78013821	78053370	XM_023257013.1	0	-	78014647	78046801	0	57	919,109,74,286,131,137,1141,128,133,131,176,76,160,168,141,1554,579,663,233,67,85,124,1901,137,183,1812,51,74,242,85,138,111,66,148,131,105,120,222,48,110,165,182,105,111,114,1109,1647,146,158,115,166,163,110,224,127,86,2044,	0,1077,1310,1623,3588,3811,4799,6090,6293,7095,7323,7675,8384,8700,8991,9266,10885,11755,12518,12856,13028,13261,15030,17146,17363,17650,19585,19842,20014,20494,20684,21027,21315,21582,21813,22173,22365,22717,23573,23724,23926,24269,25222,25964,26424,27018,28216,30001,30356,30653,30867,31334,31668,31903,32306,32931,37505,
chrB4	78055555	78058983	XM_003988640.5	0	-	78055973	78058789	0	8	508,82,48,57,83,68,72,246,	0,668,1312,1552,1698,2056,2473,3182,
chrB4	78073662	78078529	XM_003988641.5	0	-	78074093	78078239	0	4	1057,262,54,539,	0,1336,4273,4328,
chrB4	78080248	78092543	XM_003988642.4	0	-	78080782	78092275	0	17	602,162,67,91,74,78,77,84,73,65,69,127,104,140,34,85,340,	0,804,2586,2759,3072,3295,3917,4088,4263,4660,4865,5485,6177,6469,7635,8703,11955,
chrB4	78092707	78101649	XR_002159712.1	0	+	78101649	78101649	0	3	192,134,487,	0,3646,8455,
chrB4	78092707	78101649	XR_002159711.1	0	+	78101649	78101649	0	4	192,134,192,487,	0,3646,6539,8455,
chrB4	78103370	78106795	XM_003988644.5	0	-	78103552	78106683	0	4	1163,149,223,115,	0,1433,1725,3310,
chrB4	78106903	78117071	XR_002159715.1	0	+	78117071	78117071	0	2	317,269,	0,9899,
chrB4	78153445	78157960	XM_023257014.1	0	-	78153659	78157832	0	5	749,446,149,223,131,	0,1070,1786,2078,4384,
chrB4	78165260	78165365	XR_002744173.1	0	+	78165365	78165365	0	1	105,	0,
chrB4	78206504	78208561	XR_002159713.2	0	-	78208561	78208561	0	2	1114,823,	0,1234,
chrB4	78236178	78243679	XM_011283901.3	0	+	78236268	78243565	0	4	93,223,149,1089,	0,2718,3084,6412,
chrB4	78248766	78252964	XR_002743874.1	0	+	78252964	78252964	0	2	827,630,	0,3568,
chrB4	78251207	78252964	XR_002743873.1	0	+	78252964	78252964	0	2	537,630,	0,1127,
chrB4	78252468	78256727	XR_002743872.1	0	-	78256727	78256727	0	3	1004,92,92,	0,1622,4167,
chrB4	78252468	78259534	XR_002159714.2	0	-	78259534	78259534	0	3	1004,92,107,	0,1622,6959,
chrB4	78257441	78262862	XM_011283902.3	0	+	78259371	78262529	0	9	2472,61,96,168,126,221,50,80,402,	0,2830,3072,3571,3839,4062,4396,4690,5019,
chrB4	78257443	78262862	XM_011283903.3	0	+	78259371	78262529	0	9	2470,61,96,168,126,221,50,80,399,	0,2828,3070,3569,3837,4060,4394,4688,5020,
chrB4	78281207	78287655	XM_003988664.3	0	+	78281603	78287573	0	15	133,155,184,158,138,83,53,113,117,84,60,135,634,194,130,	0,385,644,1342,1589,1916,2496,3035,4031,4255,4448,4763,5050,5946,6318,
chrB4	78288718	78292406	XM_023257016.1	0	-	78289404	78292248	0	2	866,695,	0,2993,
chrB4	78297988	78300952	XM_023257757.1	0	-	78297988	78300952	0	4	213,117,171,75,	0,912,2611,2889,
chrB4	78303437	78308680	XM_019834879.2	0	+	78304588	78307327	0	3	109,948,1539,	0,1043,3704,
chrB4	78317946	78319273	XR_002743875.1	0	-	78319273	78319273	0	2	214,114,	0,1213,
chrB4	78320140	78470974	XM_019834880.2	0	+	78392974	78470044	0	14	106,80,266,80,109,50,262,180,136,59,110,103,215,1242,	0,867,72593,107527,111912,113162,122615,124792,127345,140279,143882,146932,148314,149592,
chrB4	78320147	78470974	XM_003988666.5	0	+	78392974	78470044	0	13	99,266,80,109,50,262,180,136,59,110,103,215,1242,	0,72586,107520,111905,113155,122608,124785,127338,140272,143875,146925,148307,149585,
chrB4	78402890	78402997	XR_002744196.1	0	-	78402997	78402997	0	1	107,	0,
chrB4	78425549	78470974	XM_006933672.4	0	+	78427735	78470044	0	12	21,80,109,50,262,180,136,59,110,103,215,1242,	0,2118,6503,7753,17206,19383,21936,34870,38473,41523,42905,44183,
chrB4	78479713	78496232	XR_002159716.2	0	+	78496232	78496232	0	15	646,234,135,134,244,158,208,282,200,250,218,332,107,134,77,	0,2091,2808,3715,4288,4921,5164,9277,9852,10501,14004,14983,15703,16046,16442,
chrB4	78479714	78497313	XM_019834881.2	0	+	78480283	78496950	0	14	645,234,134,244,158,208,282,200,250,218,332,107,77,960,	0,2090,3714,4287,4920,5163,9276,9851,10500,14003,14982,15702,16441,16639,
chrB4	78479714	78497313	XM_003988667.5	0	+	78480283	78496950	0	15	645,234,135,134,244,158,208,282,200,250,218,332,107,77,960,	0,2090,2807,3714,4287,4920,5163,9276,9851,10500,14003,14982,15702,16441,16639,
chrB4	78497303	78505061	XM_003988669.5	0	-	78497653	78504871	0	14	437,128,88,83,93,29,76,139,109,110,159,139,139,239,	0,554,917,1162,1429,1638,2030,4303,4705,5653,5913,6686,7192,7519,
chrB4	78497303	78506560	XM_019834884.2	0	-	78497653	78504605	0	15	437,128,88,83,93,29,76,139,109,110,159,139,139,194,123,	0,554,917,1162,1429,1638,2030,4303,4705,5653,5913,6686,7192,7777,9134,
chrB4	78497303	78506560	XM_003988668.4	0	-	78497653	78505164	0	15	437,128,88,83,93,29,76,139,109,110,159,139,139,120,123,	0,554,917,1162,1429,1638,2030,4303,4705,5653,5913,6686,7192,7851,9134,
chrB4	78497303	78506619	XM_006933673.2	0	-	78497653	78504605	0	14	437,128,88,83,93,29,76,139,109,110,159,139,139,182,	0,554,917,1162,1429,1638,2030,4303,4705,5653,5913,6686,7192,9134,
chrB4	78518501	78540254	XM_006933676.3	0	-	78518640	78540096	0	8	161,186,179,193,1675,183,226,254,	0,8498,9386,11212,11920,16006,20440,21499,
chrB4	78523947	78540254	XM_006933675.3	0	-	78524116	78540096	0	8	338,186,179,193,1675,183,226,254,	0,3052,3940,5766,6474,10560,14994,16053,
chrB4	78523947	78542229	XM_006933677.2	0	-	78524116	78539059	0	8	338,186,179,193,1675,183,226,52,	0,3052,3940,5766,6474,10560,14994,18230,
chrB4	78524176	78540254	XM_019834886.2	0	-	78526995	78540096	0	8	109,191,179,193,1675,183,226,254,	0,2818,3711,5537,6245,10331,14765,15824,
chrC1	206906034	207003621	XM_019838731.2	0	-	206907557	207003280	0	9	1558,247,215,166,206,135,130,236,426,	0,2058,20790,22102,32336,92911,94197,95639,97161,
chrC1	206906034	207003621	XM_011285657.3	0	-	206907557	207003280	0	9	1558,247,215,166,206,135,127,236,426,	0,2058,20790,22102,32336,92911,94197,95639,97161,
chrC1	206946562	206953435	XR_002744939.1	0	+	206953435	206953435	0	5	1810,56,1280,85,535,	0,2453,3516,5936,6338,
chrC1	206946562	206953435	XR_002744936.1	0	+	206953435	206953435	0	5	1810,56,1280,85,671,	0,2453,3516,5936,6202,
chrC1	206946562	206959157	XR_002744937.1	0	+	206959157	206959157	0	5	397,56,1280,85,1223,	0,2453,3516,5936,11372,
chrC1	206946562	206959157	XR_002744935.1	0	+	206959157	206959157	0	5	1810,56,1280,85,1223,	0,2453,3516,5936,11372,
chrC1	206946563	206959157	XR_002744938.1	0	+	206959157	206959157	0	4	396,1280,85,1223,	0,3515,5935,11371,
chrC1	207026584	207066803	XR_002744940.1	0	+	207066803	207066803	0	4	250,236,65,152,	0,734,38563,40067,
chrC1	207091741	207096673	XR_002744943.1	0	+	207096673	207096673	0	4	119,116,185,271,	0,1168,2290,4661,
chrC1	207091741	207096673	XR_002744941.1	0	+	207096673	207096673	0	4	119,146,185,271,	0,1138,2290,4661,
chrC1	207091741	207096673	XR_002744942.1	0	+	207096673	207096673	0	4	166,116,185,271,	0,1168,2290,4661,
chrC1	207100021	207211572	XM_023259721.1	0	+	207100082	207211439	0	5	280,159,180,90,685,	0,47718,83673,86928,110866,
chrC1	207100438	207211572	XM_019838733.2	0	+	207183700	207211439	0	5	108,159,180,90,685,	0,47301,83256,86511,110449,
chrC1	207100439	207211572	XM_019838734.2	0	+	207183700	207211439	0	5	118,159,180,90,685,	0,47300,83255,86510,110448,
chrC1	207109981	207211572	XM_023259722.1	0	+	207183700	207211439	0	5	139,159,180,90,685,	0,37758,73713,76968,100906,
chrC1	207166885	207168036	XR_002744944.1	0	+	207168036	207168036	0	2	122,334,	0,817,
chrC1	207169785	207211572	XM_023259723.1	0	+	207183700	207211439	0	4	57,180,90,685,	0,13909,17164,41102,
chrC1	207221801	207294385	XM_003991201.5	0	-	207222439	207294330	0	17	790,156,118,93,81,208,62,52,62,71,109,151,116,70,155,56,113,	0,25430,37605,41382,44610,45178,45857,49326,50280,51806,53686,55052,60262,61012,63091,66163,72471,
chrC1	207303175	207304874	XR_002161790.2	0	-	207304874	207304874	0	3	365,142,259,	0,462,1440,
chrC1	207303175	207304874	XR_002161789.2	0	-	207304874	207304874	0	3	338,142,259,	0,462,1440,
chrC1	207305020	207327792	XM_023259725.1	0	+	207305125	207327426	0	6	199,179,205,175,200,371,	0,13802,14319,18880,20361,22401,
chrC1	207305020	207340644	XM_023259724.1	0	+	207305125	207339473	0	6	199,179,205,175,200,1326,	0,13802,14319,18880,20361,34298,
chrC1	207305108	207340644	XM_023259726.1	0	+	207318890	207339473	0	6	111,174,205,175,200,1326,	0,13719,14231,18792,20273,34210,
chrC1	207457522	207532380	XM_023259727.1	0	+	207497157	207530419	0	16	112,58,418,178,110,139,151,124,72,140,173,75,192,115,158,2119,	0,19547,39595,48705,50351,51682,54020,55416,55769,57829,60751,62567,64197,65692,67407,72739,
chrC1	207457522	207532380	XM_023259729.1	0	+	207497157	207530419	0	17	112,58,70,418,178,110,139,151,124,72,140,173,75,192,115,158,2119,	0,19547,33161,39595,48705,50351,51682,54020,55416,55769,57829,60751,62567,64197,65692,67407,72739,
chrC1	207457522	207532380	XM_023259728.1	0	+	207497157	207530419	0	17	112,58,105,418,178,110,139,151,124,72,140,173,75,192,115,158,2119,	0,19547,33161,39595,48705,50351,51682,54020,55416,55769,57829,60751,62567,64197,65692,67407,72739,
chrC1	207457527	207532380	XM_023259730.1	0	+	207497157	207530419	0	15	107,418,178,110,139,151,124,72,140,173,75,192,115,158,2119,	0,39590,48700,50346,51677,54015,55411,55764,57824,60746,62562,64192,65687,67402,72734,
chrC1	207497423	207532383	XM_019838737.2	0	+	207497491	207530419	0	15	112,61,178,110,139,151,124,72,140,173,75,192,115,158,2122,	0,7698,8804,10450,11781,14119,15515,15868,17928,20850,22666,24296,25791,27506,32838,
chrC1	207613512	207617532	XM_023259731.1	0	+	207615011	207615515	0	2	769,2551,	0,1469,
chrC1	207630203	207641098	XR_002161791.2	0	-	207641098	207641098	0	3	94,151,99,	0,10545,10796,
chrC1	208060045	208065529	XM_006935628.3	0	-	208060476	208065433	0	2	2303,132,	0,5352,
chrC1	208197101	208244540	XM_023259732.1	0	-	208198146	208244461	0	5	1081,138,109,179,163,	0,6501,14181,16461,47276,
chrC1	208197101	208257004	XM_011285654.2	0	-	208198146	208256857	0	5	1081,138,109,179,150,	0,6501,14181,16461,59753,
chrC1	208283238	208329076	XM_023259734.1	0	-	208286565	208312863	0	13	3387,109,131,102,106,127,113,151,55,74,68,88,114,	0,4206,5379,6979,12071,13166,15058,16810,18592,23284,29618,34843,45724,
chrC1	208283238	208329190	XM_023259733.1	0	-	208286565	208329099	0	12	3387,109,131,102,106,127,113,151,55,74,68,228,	0,4206,5379,6979,12071,13166,15058,16810,18592,23284,29618,45724,
chrC1	208301893	208305409	XR_002161793.2	0	+	208305409	208305409	0	2	2429,786,	0,2730,
chrC1	208334207	208347037	XM_003991213.5	0	+	208334293	208346396	0	4	265,469,179,831,	0,2235,8619,11999,
chrC1	208354440	208418089	XM_011285653.3	0	-	208355150	208380814	0	9	748,84,87,101,199,198,228,281,100,	0,2953,5594,7560,9302,16890,22960,26115,63549,
chrC1	208354440	208418540	XM_023259735.1	0	-	208355150	208380814	0	9	748,84,87,101,199,198,228,281,126,	0,2953,5594,7560,9302,16890,22960,26115,63974,
chrC1	208476634	208512261	XR_002161796.1	0	+	208512261	208512261	0	8	596,307,222,326,129,1026,2515,428,	0,1152,14442,23751,26480,29306,30908,35199,
chrC1	208669275	208669427	XR_002745067.1	0	-	208669427	208669427	0	1	152,	0,
chrC1	208693259	208713921	XM_003991214.5	0	-	208694492	208713054	0	2	1884,1599,	0,19063,
chrC1	208756463	208757924	XR_002745063.1	0	+	208757924	208757924	0	3	97,57,691,	0,197,770,
chrC1	208779570	208854527	XM_019838740.1	0	-	208781125	208854512	0	15	1687,146,187,135,97,125,108,171,177,146,229,115,161,114,63,	0,4314,9167,16047,17639,18191,21913,22655,23965,25122,31005,33440,34563,56021,74894,
chrC1	208779570	208877446	XM_023259738.1	0	-	208781125	208877285	0	15	1687,146,187,135,97,125,108,171,177,146,229,115,161,114,227,	0,4314,9167,16047,17639,18191,21913,22655,23965,25122,31005,33440,34563,56021,97649,
chrC1	208779570	208877447	XM_023259737.1	0	-	208781125	208877285	0	16	1687,146,187,135,97,125,108,171,177,146,229,115,161,114,198,228,	0,4314,9167,16047,17639,18191,21913,22655,23965,25122,31005,33440,34563,56021,76226,97649,
chrC2	157285626	157288935	XR_002735739.1	0	+	157288935	157288935	0	4	87,61,74,427,	0,917,2717,2882,
chrC2	157394033	157394138	XR_002735903.1	0	+	157394138	157394138	0	1	105,	0,
chrC2	158014715	158101629	XR_002745520.1	0	-	158101629	158101629	0	3	120,50,200,	0,42995,86714,
chrC2	158056303	158101629	XR_002745521.1	0	-	158101629	158101629	0	3	164,50,200,	0,1407,45126,
chrC2	158254116	158348841	XR_002745523.1	0	-	158348841	158348841	0	3	157,171,83,	0,8951,94642,
chrC2	158263022	158348841	XR_002745522.1	0	-	158348841	158348841	0	2	216,83,	0,85736,
chrC2	158280031	158281690	XR_002745524.1	0	-	158281690	158281690	0	2	135,85,	0,1574,
chrC2	158487231	158494720	XR_002145100.2	0	-	158494720	158494720	0	4	509,108,131,219,	0,1093,6989,7270,
chrC2	158522355	158599755	XM_023260787.1	0	-	158525589	158599621	0	17	3566,215,95,135,249,170,112,178,124,223,132,101,154,128,70,55,343,	0,4649,15983,17218,17696,26678,28362,32995,35455,36593,48246,50779,51296,54713,59158,60916,77057,
chrC2	158522355	158599755	XM_023260788.1	0	-	158525589	158599621	0	17	3566,215,95,135,249,170,112,178,124,223,117,101,154,128,70,55,343,	0,4649,15983,17218,17696,26678,28362,32995,35455,36593,48246,50779,51296,54713,59158,60916,77057,
chrC2	158525716	158599752	XM_023260790.1	0	-	158525746	158599621	0	18	205,215,124,95,135,249,170,112,178,124,223,117,101,154,128,70,55,340,	0,1288,2637,12622,13857,14335,23317,25001,29634,32094,33232,44885,47418,47935,51352,55797,57555,73696,
chrC2	158525716	158599753	XM_023260789.1	0	-	158525746	158599621	0	18	205,215,124,95,135,249,170,112,178,124,223,132,101,154,128,70,55,341,	0,1288,2637,12622,13857,14335,23317,25001,29634,32094,33232,44885,47418,47935,51352,55797,57555,73696,
chrC2	158625654	158627601	XR_002145102.2	0	-	158627601	158627601	0	2	1151,665,	0,1282,
chrC2	158630617	158670364	XR_002745526.1	0	-	158670364	158670364	0	3	47,206,100,	0,19010,39647,
chrC2	158643388	158670364	XR_002745525.1	0	-	158670364	158670364	0	3	296,206,100,	0,6239,26876,
chrC2	158670475	158742784	XM_006936560.3	0	+	158670700	158742503	0	19	247,95,162,151,143,87,84,118,150,203,122,177,81,135,131,36,128,76,433,	0,17939,18966,23883,27617,30638,31579,33188,37750,39638,43640,45814,47168,62421,65735,67018,67254,70827,71876,
chrC2	158680919	158740378	XM_019810997.2	0	+	158680981	158738077	0	18	264,95,162,151,143,87,84,118,150,203,122,177,81,135,131,36,128,2325,	0,7495,8522,13439,17173,20194,21135,22744,27306,29194,33196,35370,36724,51977,55291,56574,56810,57134,
chrC2	158680919	158742784	XM_019810996.2	0	+	158680981	158742408	0	18	264,95,162,151,143,87,84,118,150,203,122,177,81,135,131,36,128,433,	0,7495,8522,13439,17173,20194,21135,22744,27306,29194,33196,35370,36724,51977,55291,56574,56810,61432,
chrC2	158680920	158742784	XM_006936559.3	0	+	158680981	158742503	0	19	263,95,162,151,143,87,84,118,150,203,122,177,78,135,131,36,128,76,433,	0,7494,8521,13438,17172,20193,21134,22743,27305,29193,33195,35369,36726,51976,55290,56573,56809,60382,61431,
chrC2	158680920	158742784	XM_003992276.4	0	+	158680981	158742503	0	19	263,95,162,151,143,87,84,118,150,203,122,177,81,114,131,36,128,76,433,	0,7494,8521,13438,17172,20193,21134,22743,27305,29193,33195,35369,36723,51997,55290,56573,56809,60382,61431,
chrC2	158680920	158742784	XM_006936558.3	0	+	158680981	158742503	0	19	263,95,162,151,143,87,84,118,150,203,122,177,81,135,131,36,128,76,433,	0,7494,8521,13438,17172,20193,21134,22743,27305,29193,33195,35369,36723,51976,55290,56573,56809,60382,61431,
chrC2	158680921	158742784	XM_019810995.2	0	+	158680981	158742503	0	19	262,95,162,151,143,87,84,118,150,203,122,177,78,114,131,36,128,76,433,	0,7493,8520,13437,17171,20192,21133,22742,27304,29192,33194,35368,36725,51996,55289,56572,56808,60381,61430,
chrC2	158683366	158683469	XR_002735902.1	0	+	158683469	158683469	0	1	103,	0,
chrC2	158766748	158832866	XM_023260791.1	0	+	158767327	158829480	0	4	1473,168,135,4838,	0,43497,57930,61280,
chrC2	158855111	158859021	XR_002745531.1	0	-	158859021	158859021	0	2	2096,666,	0,3244,
chrC2	158859093	158909637	XR_002745527.1	0	+	158909637	158909637	0	3	298,177,320,	0,49403,50224,
chrC2	158859096	158868985	XR_002145103.2	0	+	158868985	158868985	0	3	295,74,346,	0,9137,9543,
chrC2	158859101	158880904	XM_019811012.2	0	+	158879128	158880211	0	2	290,1849,	0,19954,
chrC2	158859101	158880904	XM_019811003.2	0	+	158868254	158880211	0	3	290,74,1849,	0,9132,19954,
chrC2	158859101	158880904	XM_019811010.2	0	+	158879128	158880211	0	4	290,74,236,1849,	0,9132,17491,19954,
chrC2	158859101	158880904	XM_019811009.2	0	+	158879128	158880211	0	5	290,74,134,236,1849,	0,9132,9633,17491,19954,
chrC2	158859101	158880904	XM_019811008.2	0	+	158879128	158880211	0	5	290,74,142,236,1849,	0,9132,9625,17491,19954,
chrC2	158859101	158880904	XM_019811004.2	0	+	158879128	158880211	0	5	290,74,229,236,1849,	0,9132,9538,17491,19954,
chrC2	158879711	158894105	XR_002745528.1	0	-	158894105	158894105	0	4	109,116,360,146,	0,5840,13018,14248,
chrC2	158883502	158894105	XR_002745529.1	0	-	158894105	158894105	0	4	1802,116,360,146,	0,2049,9227,10457,
chrC2	158883502	158894105	XR_002745530.1	0	-	158894105	158894105	0	4	1486,116,360,146,	0,2049,9227,10457,
chrC2	158910837	158998898	XM_019839237.2	0	-	158910852	158998790	0	16	108,258,132,114,90,75,113,41,122,59,181,95,61,151,170,186,	0,19375,21295,22892,26664,28926,46241,51433,51559,52939,55681,59501,60655,61258,64521,87875,
chrC2	158911038	158998898	XM_019839238.2	0	-	158911053	158998790	0	16	30,258,132,114,90,75,113,41,122,59,181,95,61,151,170,186,	0,19174,21094,22691,26463,28725,46040,51232,51358,52738,55480,59300,60454,61057,64320,87674,
chrC2	158912292	158998812	NM_001009860.1	0	-	158912575	158998790	0	16	553,258,132,114,90,75,113,41,122,59,181,95,61,151,170,100,	0,17920,19840,21437,25209,27471,44786,49978,50104,51484,54226,58046,59200,59803,63066,86420,
chrC2	158995194	158997895	XM_023260792.1	0	-	158995246	158996590	0	1	2701,	0,
chrC2	159011703	159035599	XM_019811013.2	0	+	159011923	159034792	0	8	691,150,172,129,198,146,84,861,	0,4832,7434,10823,12627,13814,15316,23035,
chrC2	159011761	159035599	XM_011286301.3	0	+	159011923	159034792	0	7	633,150,172,129,146,84,861,	0,4774,7376,10765,13756,15258,22977,
chrC2	159040281	159097448	XM_023260793.1	0	-	159042498	159097439	0	5	3509,189,119,178,112,	0,22690,36193,46793,57055,
chrC2	159040281	159127139	XM_019811014.2	0	-	159042498	159076553	0	6	3509,189,119,178,126,154,	0,22690,36193,46793,74422,86704,
chrC2	159127230	159239454	XM_023260190.1	0	+	159147097	159238609	0	15	115,110,62,55,75,95,70,249,75,131,61,45,57,213,953,	0,19829,33384,61547,61966,68064,68882,78795,79166,80738,82879,83786,84286,110397,111271,
chrD3	69899606	69905277	XR_002737349.1	0	+	69905277	69905277	0	3	358,122,2908,	0,1036,2763,
chrD3	69899606	69905277	XR_002147688.2	0	+	69905277	69905277	0	3	358,1871,776,	0,1036,4895,
chrD3	69899606	69905277	XR_002147687.2	0	+	69905277	69905277	0	2	358,4635,	0,1036,
chrD3	69934062	69938659	XR_002147689.2	0	-	69938659	69938659	0	3	277,685,255,	0,925,4342,
chrD3	69971860	70055912	XM_023241966.1	0	-	69980007	70033065	0	11	8271,145,138,213,54,75,135,194,90,289,139,	0,13152,13513,16604,18009,28017,30893,32119,33371,60969,83913,
chrD3	69971860	70056157	XM_023241968.1	0	-	69980007	70033065	0	12	8271,145,138,213,54,75,135,194,90,289,86,19,	0,13152,13513,16604,18009,28017,30893,32119,33371,60969,83913,84278,
chrD3	69971860	70056157	XM_023241970.1	0	-	69980007	70033065	0	11	8271,145,138,213,54,75,135,194,90,289,19,	0,13152,13513,16604,18009,28017,30893,32119,33371,60969,84278,
chrD3	69971869	70056295	XM_023241967.1	0	-	69980007	70033065	0	12	8262,145,138,213,54,75,135,194,90,289,86,102,	0,13143,13504,16595,18000,28008,30884,32110,33362,60960,83904,84324,
chrD3	69971876	70056295	XM_023241971.1	0	-	69980007	70033065	0	11	8255,145,138,213,54,75,135,194,289,86,102,	0,13136,13497,16588,17993,28001,30877,32103,60953,83897,84317,
chrD3	69971876	70056298	XM_023241969.1	0	-	69980007	70033065	0	11	8255,145,138,213,54,75,135,194,90,289,105,	0,13136,13497,16588,17993,28001,30877,32103,33355,60953,84317,
chrD3	70125838	70129765	XR_002737350.1	0	-	70129765	70129765	0	2	1119,1970,	0,1957,
chrD3	70137900	70139519	XR_441591.3	0	-	70139519	70139519	0	3	313,63,608,	0,430,1011,
chrD3	70143547	70235968	XM_023241977.1	0	-	70145470	70157070	0	3	2575,1227,681,	0,12312,91740,
chrD3	70143547	70254172	XM_019815241.2	0	-	70145470	70157070	0	3	2575,1227,81,	0,12312,110544,
chrD3	70143547	70255290	XM_023241975.1	0	-	70145470	70157070	0	3	2575,1227,323,	0,12312,111420,
chrD3	70143547	70255291	XM_023241976.1	0	-	70145470	70157070	0	3	2575,1227,294,	0,12312,111450,
chrD3	70143547	70306977	XM_023241973.1	0	-	70145470	70157070	0	4	2575,1227,62,401,	0,12312,156406,163029,
chrD3	70143547	70430429	XM_003995176.5	0	-	70145470	70157070	0	5	2575,1227,62,228,183,	0,12312,156406,284643,286699,
chrD3	70143547	70499106	XM_023241974.1	0	-	70145470	70157070	0	6	2575,1227,217,62,228,141,	0,12312,55055,156406,284643,355418,
chrD3	70143547	70499106	XM_023241972.1	0	-	70145470	70157070	0	5	2575,1227,62,228,141,	0,12312,156406,284643,355418,
chrD3	70260897	70264834	XR_002147692.2	0	+	70264834	70264834	0	3	716,106,1435,	0,1329,2502,
chrD3	70530865	70547218	XR_002147697.2	0	-	70547218	70547218	0	3	2999,236,185,	0,3975,16168,
chrD3	70549251	70553323	XR_002737352.1	0	-	70553323	70553323	0	3	147,218,2707,	0,482,1365,
chrD3	70549543	70553323	XR_002737351.1	0	-	70553323	70553323	0	2	408,2707,	0,1073,
chrD3	70549543	70553323	XR_002147694.2	0	-	70553323	70553323	0	3	408,1337,1285,	0,1073,2495,
chrD3	70611581	70912523	XM_019815244.2	0	+	70689141	70907764	0	13	199,207,48,72,74,105,76,77,487,300,156,54,4975,	0,77533,82587,94540,114327,115628,120956,163986,206362,209468,258750,294418,295967,
chrD3	70611581	70912523	XM_019815246.2	0	+	70689141	70907764	0	12	199,207,48,72,74,105,76,77,493,300,54,4975,	0,77533,82587,94540,114327,115628,120956,163986,206362,209468,294418,295967,
chrD3	70611581	70912523	XM_019815242.2	0	+	70689141	70907764	0	13	199,207,48,72,74,105,76,77,493,300,156,54,4975,	0,77533,82587,94540,114327,115628,120956,163986,206362,209468,258750,294418,295967,
chrD3	70611582	70912523	XM_019815245.2	0	+	70689141	70907764	0	11	198,207,74,105,76,77,493,300,156,54,4975,	0,77532,114326,115627,120955,163985,206361,209467,258749,294417,295966,
chrD3	70611582	70912523	XM_003995177.5	0	+	70689141	70907764	0	12	198,207,72,74,105,76,77,487,300,156,54,4975,	0,77532,94539,114326,115627,120955,163985,206361,209467,258749,294417,295966,
chrD3	70611582	70912523	XM_006938888.4	0	+	70689141	70907764	0	12	198,207,72,74,105,76,77,493,300,156,54,4975,	0,77532,94539,114326,115627,120955,163985,206361,209467,258749,294417,295966,
chrD3	70612513	70912523	XM_019815243.1	0	+	70689141	70907764	0	13	274,207,48,72,74,105,76,77,493,300,156,54,4975,	0,76601,81655,93608,113395,114696,120024,163054,205430,208536,257818,293486,295035,
chrD3	70637233	70642727	XR_002147699.2	0	-	70642727	70642727	0	3	199,229,3355,	0,1053,2139,
chrD3	70637444	70642727	XR_002147700.2	0	-	70642727	70642727	0	3	710,229,3355,	0,842,1928,
chrD3	70727341	70738336	XR_002147702.1	0	-	70738336	70738336	0	3	1004,105,1512,	0,2312,9483,
chrD3	70731072	70738336	XR_002147701.1	0	-	70738336	70738336	0	2	271,1512,	0,5752,
chrD3	70828643	70834946	XR_002147704.1	0	-	70834946	70834946	0	3	1731,1365,823,	0,2726,5480,
chrD3	70956464	70986155	XM_023241979.1	0	-	70958007	70985992	0	4	2082,75,54,776,	0,21606,27546,28915,
chrD3	70956464	70986157	XM_023241980.1	0	-	70958007	70985992	0	4	2082,72,54,778,	0,21606,27546,28915,
chrD3	71067458	71397662	XM_019815247.1	0	-	71067716	71397610	0	17	408,114,183,103,95,114,126,179,183,143,126,73,134,94,53,26,166,	0,51509,65217,108676,192478,193971,205002,206936,211734,242555,244115,269286,285110,286204,297578,330011,330038,
chrD3	71400124	71400231	XR_002737472.1	0	-	71400231	71400231	0	1	107,	0,
chrD3	71432587	71436817	XR_002147706.1	0	+	71436817	71436817	0	2	328,354,	0,3876,
chrD3	71437010	71440850	XM_019815252.2	0	-	71437665	71438906	0	3	721,190,123,	0,1731,3717,
chrD3	71437010	71442175	XM_003995180.4	0	-	71437665	71438906	0	3	721,190,131,	0,1731,5034,
chrD3	71443131	71446178	NM_001128842.1	0	-	71443171	71446165	0	7	88,192,99,103,32,41,53,	0,586,1624,1961,2065,2862,2994,
chrD3	71444940	71445006	XR_002737440.1	0	-	71445006	71445006	0	1	66,	0,
chrD3	71445827	71445892	XR_002737441.1	0	-	71445892	71445892	0	1	65,	0,
chrD3	71446261	71446327	XR_002737442.1	0	-	71446327	71446327	0	1	66,	0,
chrD3	71483977	71505180	XM_019815255.2	0	+	71484147	71504486	0	10	258,182,180,112,222,243,121,219,105,716,	0,4184,6006,7311,12443,14243,15202,16018,18241,20487,
chrD3	71484940	71505180	XM_003995203.5	0	+	71485301	71504486	0	10	458,182,180,112,222,243,121,219,105,716,	0,3221,5043,6348,11480,13280,14239,15055,17278,19524,
chrD3	71485430	71505180	XM_019815254.2	0	+	71487491	71504486	0	10	2230,182,180,112,222,189,121,219,105,716,	0,2731,4553,5858,10990,12790,13749,14565,16788,19034,
chrD3	71485435	71505180	XM_019815253.2	0	+	71487491	71504486	0	10	2225,182,180,112,222,243,121,219,105,716,	0,2726,4548,5853,10985,12785,13744,14560,16783,19029,
chrD3	71608817	71612388	XR_002737092.1	0	-	71612388	71612388	0	3	223,341,317,	0,1237,3254,
chrD3	71624585	71637868	XR_002147709.2	0	-	71637868	71637868	0	3	324,168,856,	0,2285,12427,
chrD3	71639218	71644232	XR_002737353.1	0	-	71644232	71644232	0	3	633,358,720,	0,2123,4294,
chrD3	71665203	71699341	XM_003995181.5	0	-	71665533	71698872	0	13	415,155,71,39,88,54,122,148,117,83,43,167,485,	0,1658,3995,8567,8608,9526,9581,11917,13398,23302,23387,27299,33653,
chrD3	71699597	71699739	XR_002737448.1	0	+	71699739	71699739	0	1	142,	0,
chrD3	71699816	71699899	XR_002737444.1	0	+	71699899	71699899	0	1	83,	0,
chrD3	71710431	72051413	XM_023241982.1	0	-	71710640	72051010	0	40	362,81,175,286,151,90,152,144,94,199,78,101,240,66,141,120,146,85,234,240,157,212,112,87,98,156,84,123,141,82,266,110,108,82,144,157,145,172,111,430,	0,5171,7305,8069,9648,12560,14381,16575,18863,19116,22064,28482,29650,33669,37362,39864,41334,42737,55318,62932,65030,67015,71308,85317,90953,91940,104651,105492,113647,114246,124556,130226,133870,139149,140518,147971,181996,186477,196398,340552,
chrD3	71710431	72051413	XM_023241983.1	0	-	71710640	72051010	0	39	362,81,175,286,151,90,152,144,94,199,101,240,66,141,120,146,85,234,240,157,212,112,87,98,156,84,123,141,82,266,110,108,82,144,157,145,172,111,430,	0,5171,7305,8069,9648,12560,14381,16575,18863,19116,28482,29650,33669,37362,39864,41334,42737,55318,62932,65030,67015,71308,85317,90953,91940,104651,105492,113647,114246,124556,130226,133870,139149,140518,147971,181996,186477,196398,340552,
chrD3	95773437	95793192	XR_002737417.1	0	-	95793192	95793192	0	6	301,116,203,116,62,2397,	0,5939,6356,6733,15431,17358,
chrD3	95776927	95793192	XR_002737416.1	0	-	95793192	95793192	0	6	697,116,203,142,62,2397,	0,2449,2866,3217,11941,13868,
chrD3	95776927	95793192	XR_002737415.1	0	-	95793192	95793192	0	6	697,116,203,116,62,2397,	0,2449,2866,3243,11941,13868,
chrD3	95802218	95822125	XM_023242121.1	0	+	95802277	95819534	0	3	141,3482,3023,	0,11125,16884,
chrD3	95834780	95840693	XR_002147843.2	0	-	95840693	95840693	0	2	359,3040,	0,2873,
chrD3	95861214	96114275	XM_023242124.1	0	+	95861246	96112717	0	29	148,177,151,114,109,59,52,95,81,76,77,161,143,113,249,162,93,84,171,99,90,145,65,156,65,109,58,204,1623,	0,20639,38500,41567,50642,65047,75565,93903,115018,132496,139010,172691,188924,206495,210370,225813,226667,231236,231409,234784,235517,236357,236601,237187,237454,241824,250481,251148,251438,
chrD3	95861214	96117568	XM_023242126.1	0	+	95861246	96117234	0	28	148,177,151,109,59,52,95,81,76,77,161,143,113,249,162,93,84,171,99,90,145,65,156,65,109,58,204,471,	0,20639,38500,50642,65047,75565,93903,115018,132496,139010,172691,188924,206495,210370,225813,226667,231236,231409,234784,235517,236357,236601,237187,237454,241824,250481,251148,255883,
chrD3	95861214	96117568	XM_023242125.1	0	+	95861246	96117234	0	28	148,177,151,114,109,59,52,95,76,77,161,143,113,249,162,93,84,171,99,90,145,65,156,65,109,58,204,471,	0,20639,38500,41567,50642,65047,75565,93903,132496,139010,172691,188924,206495,210370,225813,226667,231236,231409,234784,235517,236357,236601,237187,237454,241824,250481,251148,255883,
chrD3	95861214	96117568	XM_023242128.1	0	+	95861246	96117234	0	26	148,177,151,114,109,59,52,95,81,76,113,249,162,93,84,171,99,90,145,65,156,65,109,58,204,471,	0,20639,38500,41567,50642,65047,75565,93903,115018,132496,206495,210370,225813,226667,231236,231409,234784,235517,236357,236601,237187,237454,241824,250481,251148,255883,
chrD3	95861214	96117568	XM_023242127.1	0	+	95861246	96117234	0	27	148,177,151,114,109,59,52,95,81,76,77,161,143,113,249,162,93,99,90,145,65,156,65,109,58,204,471,	0,20639,38500,41567,50642,65047,75565,93903,115018,132496,139010,172691,188924,206495,210370,225813,226667,234784,235517,236357,236601,237187,237454,241824,250481,251148,255883,
chrD3	95861214	96117568	XM_023242122.1	0	+	95861246	96117234	0	29	148,177,151,114,109,59,52,95,81,76,77,161,143,113,249,162,93,84,171,99,90,145,65,156,65,109,58,204,471,	0,20639,38500,41567,50642,65047,75565,93903,115018,132496,139010,172691,188924,206495,210370,225813,226667,231236,231409,234784,235517,236357,236601,237187,237454,241824,250481,251148,255883,
chrD3	95861246	96117234	XM_023242123.1	0	+	95861246	96117234	0	29	116,174,151,114,109,59,52,95,81,76,77,161,143,113,249,162,93,84,171,99,90,145,65,156,65,109,58,204,137,	0,20610,38468,41535,50610,65015,75533,93871,114986,132464,138978,172659,188892,206463,210338,225781,226635,231204,231377,234752,235485,236325,236569,237155,237422,241792,250449,251116,255851,
chrD3	96126449	96132555	XR_002147846.2	0	-	96132555	96132555	0	4	3174,263,706,1674,	0,3293,3647,4432,
chrD3	96126449	96132555	XR_002147847.2	0	-	96132555	96132555	0	4	3174,181,706,1674,	0,3293,3647,4432,
chrD3	96126449	96132555	XR_002147845.2	0	-	96132555	96132555	0	3	3174,706,1674,	0,3647,4432,
chrD3	96126449	96132555	XR_002737418.1	0	-	96132555	96132555	0	4	2667,214,706,1674,	0,2960,3647,4432,
chrD3	96126449	96132555	XR_002147848.2	0	-	96132555	96132555	0	4	3174,491,140,1674,	0,3647,4213,4432,
chrD3	96135037	96241607	XM_023242129.1	0	+	96135462	96239910	0	11	552,1096,160,203,173,141,56,133,383,196,1741,	0,13837,28631,44786,45485,47248,57548,61607,74306,74800,104829,
chrD3	96135040	96198570	XM_023242131.1	0	+	96135462	96198253	0	9	549,1096,160,203,173,141,56,133,379,	0,13834,28628,44783,45482,47245,57545,61604,63151,
chrD3	96135040	96241607	XM_023242130.1	0	+	96135462	96239869	0	10	549,1096,160,203,173,141,56,133,383,1741,	0,13834,28628,44783,45482,47245,57545,61604,74303,104826,
chrD3	96135041	96198102	XM_023242132.1	0	+	96135462	96196836	0	8	548,1096,160,203,173,141,56,1458,	0,13833,28627,44782,45481,47244,57544,61603,
chrD3	96135041	96241607	XM_023242133.1	0	+	96135462	96239910	0	9	548,1096,160,203,173,141,56,133,1741,	0,13833,28627,44782,45481,47244,57544,61603,104825,
chrD3	96139546	96241607	XM_006938981.4	0	+	96139847	96239910	0	11	389,1096,160,203,173,141,56,133,383,196,1741,	0,9328,24122,40277,40976,42739,53039,57098,69797,70291,100320,
chrD3	96333222	96345234	XR_002147849.1	0	-	96345234	96345234	0	5	443,174,49,71,1289,	0,3387,3822,4054,10723,
chrD3	96333222	96345234	XR_002147850.1	0	-	96345234	96345234	0	5	443,174,49,71,603,	0,3387,3822,4054,11409,
chrD3	96347006	96403439	XM_019815470.2	0	+	96347177	96379945	0	12	476,84,94,129,151,91,167,990,142,235,160,105,	0,10401,11114,12456,15318,17889,19748,21007,23371,24057,32807,56328,
chrD3	96347007	96391797	XM_019815469.2	0	+	96347177	96379945	0	12	475,84,94,129,151,91,167,990,142,235,160,112,	0,10400,11113,12455,15317,17888,19747,21006,23370,24056,32806,44678,
chrD3	96347007	96403891	XM_011288118.3	0	+	96347177	96403571	0	12	475,84,94,129,151,91,167,990,142,204,160,557,	0,10400,11113,12455,15317,17888,19747,21006,23370,24087,32806,56327,
chrD3	96347177	96403891	XM_006938983.4	0	+	96347177	96403476	0	13	305,84,94,129,151,91,167,990,142,204,160,161,557,	0,10230,10943,12285,15147,17718,19577,20836,23200,23917,32636,44508,56157,
chrD3	96390111	96391679	XR_002737419.1	0	-	96391679	96391679	0	2	716,117,	0,1451,
chrD3	96416951	96428781	XR_002147853.2	0	-	96428781	96428781	0	2	3373,637,	0,11193,
chrD3	96432662	96435579	XR_002737420.1	0	+	96435579	96435579	0	2	1211,1141,	0,1776,
chrD3	96436351	96506141	XM_023242134.1	0	+	96478750	96506093	0	4	103,93,591,858,	0,24843,42363,68932,
chrD3	96510613	96563773	XM_019815472.2	0	-	96512073	96563773	0	4	1668,217,134,203,	0,9689,44656,52957,
chrD3	96510613	96564652	XM_023242136.1	0	-	96512073	96563773	0	6	1668,217,54,134,318,41,	0,9689,36533,44656,52957,53998,
chrD3	96510613	96564660	XM_023242135.1	0	-	96512073	96563773	0	6	1668,217,54,134,318,111,	0,9689,36533,44656,52957,53936,
chrD3	96510613	96564661	XM_023242137.1	0	-	96511734	96563773	0	7	1169,103,217,54,134,318,112,	0,1565,9689,36533,44656,52957,53936,
chrD3	96518768	96564662	XM_023242138.1	0	-	96519406	96563773	0	6	720,217,54,134,318,113,	0,1534,28378,36501,44802,45781,
chrD3	96564129	96569799	XM_023241206.1	0	+	96564129	96567918	0	4	258,141,164,2326,	0,697,1118,3344,
chrD3	96581000	96583564	XM_019815476.2	0	+	96581082	96583521	0	4	133,67,95,49,	0,1104,2160,2515,
chrD3	96581000	96586824	XM_019815477.2	0	+	96581082	96585750	0	4	133,67,95,1080,	0,1104,2160,4744,
chrD3	96581000	96591272	XM_019815475.2	0	+	96581082	96590927	0	4	133,67,95,366,	0,1104,2160,9906,
chrD3	96592185	96603948	XM_019815478.1	0	-	96592398	96595578	0	4	385,104,70,114,	0,3349,9141,11649,
chrD3	96592185	96603987	XM_003995280.4	0	-	96592398	96603987	0	3	385,104,153,	0,3349,11649,
chrD3	96592398	96604366	XM_023242144.1	0	-	96592398	96603987	0	4	172,104,173,89,	0,3136,11436,11879,
chrD3	96604365	96629309	XM_019815486.2	0	+	96620233	96629276	0	6	94,385,172,179,97,208,	0,15865,17105,18735,21676,24736,
chrD3	96604383	96629309	XM_011288115.3	0	+	96619369	96629276	0	8	76,75,103,385,172,179,97,208,	0,13718,14895,15847,17087,18717,21658,24718,
chrD3	96604387	96629309	XM_019815480.2	0	+	96619369	96629276	0	9	72,142,75,103,385,172,179,97,208,	0,12727,13714,14891,15843,17083,18713,21654,24714,
chrD3	96604387	96629309	XM_019815479.2	0	+	96619369	96629276	0	9	72,226,75,103,385,172,179,97,208,	0,12727,13714,14891,15843,17083,18713,21654,24714,
chrD3	96604388	96629309	XM_019815484.2	0	+	96620233	96629276	0	8	71,142,75,385,172,179,97,208,	0,12726,13713,15842,17082,18712,21653,24713,
chrD3	96604388	96629309	XM_019815483.2	0	+	96620233	96629276	0	8	71,226,75,385,172,179,97,208,	0,12726,13713,15842,17082,18712,21653,24713,
chrD3	96604416	96629309	XM_023242139.1	0	+	96620233	96629276	0	7	42,75,385,172,179,97,208,	0,13685,15814,17054,18684,21625,24685,
chrD3	96617370	96629309	XM_019815485.2	0	+	96620233	96629276	0	7	344,75,385,172,179,97,208,	0,731,2860,4100,5730,8671,11731,
chrD3	96617370	96629309	XM_019815481.2	0	+	96619369	96629276	0	8	344,75,103,385,172,179,97,208,	0,731,1908,2860,4100,5730,8671,11731,
chrD3	96619414	96624511	XM_023242140.1	0	+	96619712	96624302	0	5	388,385,172,179,235,	0,816,2056,3686,4862,
chrD3	96619421	96629309	XM_006938986.4	0	+	96619712	96629276	0	6	381,385,172,179,97,208,	0,809,2049,3679,6620,9680,
chrD3	96630303	96645006	XM_023242141.1	0	+	96630335	96642749	0	7	193,43,177,113,85,74,2549,	0,2829,3496,4252,7142,11016,12154,
chrD3	96630303	96680072	XM_023242142.1	0	+	96630335	96680005	0	6	193,43,177,113,85,271,	0,2829,3496,4252,7142,49498,
chrD3	96630303	96680396	XM_023242143.1	0	+	96630335	96680100	0	7	193,43,177,113,85,102,377,	0,2829,3496,4252,7142,49498,49716,
chrD3	96655489	96663051	XR_002147855.2	0	-	96663051	96663051	0	4	269,129,658,429,	0,2097,2420,7133,
chrD3	96657309	96663051	XR_441625.4	0	-	96663051	96663051	0	3	406,658,429,	0,600,5313,
chrD3	96688665	96688772	XR_002737461.1	0	+	96688772	96688772	0	1	107,	0,
chrD3	96706191	96737900	XM_023242145.1	0	+	96713962	96736410	0	4	60,121,90,4766,	0,7758,22015,26943,
chrD3	96707118	96737900	XM_003995299.5	0	+	96713962	96736410	0	4	61,121,90,4766,	0,6831,21088,26016,
chrD3	96707481	96737900	XM_019815488.2	0	+	96713962	96736410	0	4	658,121,90,4766,	0,6468,20725,25653,
chrD3	96731421	96737900	XM_019815489.2	0	+	96733311	96736410	0	2	1039,4766,	0,1713,
chrD3	96769893	96858532	XM_023242146.1	0	-	96771785	96858424	0	3	2689,223,180,	0,60840,88459,
chrD3	96783585	96792769	XR_002147857.1	0	+	96792769	96792769	0	2	1523,6982,	0,2202,
chrD4	19806074	19835285	XM_023243372.1	0	+	19806287	19835220	0	17	466,173,73,104,175,114,65,112,136,46,129,78,18,149,172,48,629,	0,3704,3972,5334,6868,8992,10648,10996,13932,15536,17203,24572,25843,25862,27276,27768,28582,
chrD4	19868421	19901078	XM_003995426.4	0	+	19868490	19900049	0	9	129,61,70,206,173,170,129,138,1135,	0,5389,6411,9012,10030,12409,19979,30438,31522,
chrD4	20183953	20184280	XM_011288275.2	0	-	20183953	20184274	0	1	327,	0,
chrD4	21003539	21007527	XR_002737859.1	0	-	21007527	21007527	0	2	165,227,	0,3761,
chrD4	21039134	21178813	XR_002737858.1	0	+	21178813	21178813	0	19	333,98,64,45,63,75,205,17,120,54,153,133,194,77,250,248,151,77,110,	0,1193,2388,3655,34292,46063,69798,71265,117764,119529,120510,121959,122368,123072,132333,133650,136743,137230,139569,
chrD4	21039138	21180392	XM_023243373.1	0	+	21039422	21178811	0	20	329,98,64,45,63,75,205,17,120,54,153,133,194,77,250,248,148,151,77,1689,	0,1189,2384,3651,34288,46059,69794,71261,117760,119525,120506,121955,122364,123068,132329,133646,136203,136739,137226,139565,
chrD4	21039139	21180392	XM_023243378.1	0	+	21039422	21178811	0	19	328,98,64,45,75,205,17,120,54,153,133,194,77,250,248,148,151,77,1689,	0,1188,2383,3650,46058,69793,71260,117759,119524,120505,121954,122363,123067,132328,133645,136202,136738,137225,139564,
chrD4	21039139	21180392	XM_023243382.1	0	+	21039422	21178811	0	19	328,98,64,45,63,202,17,120,54,153,133,194,77,250,248,148,151,77,1689,	0,1188,2383,3650,34287,69796,71260,117759,119524,120505,121954,122363,123067,132328,133645,136202,136738,137225,139564,
chrD4	21039140	21180392	XM_023243379.1	0	+	21039422	21178811	0	19	327,98,64,45,75,202,17,120,54,153,133,194,77,250,248,148,151,77,1689,	0,1187,2382,3649,46057,69795,71259,117758,119523,120504,121953,122362,123066,132327,133644,136201,136737,137224,139563,
chrD4	21039140	21180392	XM_023243381.1	0	+	21039422	21178811	0	19	327,98,64,45,63,205,17,120,54,153,133,194,77,250,248,148,151,77,1689,	0,1187,2382,3649,34286,69792,71259,117758,119523,120504,121953,122362,123066,132327,133644,136201,136737,137224,139563,
chrD4	21039140	21180392	XM_023243374.1	0	+	21039422	21178811	0	20	327,98,64,45,63,75,202,17,120,54,153,133,194,77,250,248,148,151,77,1689,	0,1187,2382,3649,34286,46057,69795,71259,117758,119523,120504,121953,122362,123066,132327,133644,136201,136737,137224,139563,
chrD4	21039141	21180392	XM_023243385.1	0	+	21039422	21178811	0	18	326,98,64,45,205,17,120,54,153,133,194,77,250,248,148,151,77,1689,	0,1186,2381,3648,69791,71258,117757,119522,120503,121952,122361,123065,132326,133643,136200,136736,137223,139562,
chrD4	21039898	21180392	XM_023243380.1	0	+	21039969	21178811	0	19	110,98,64,45,75,202,17,120,54,153,133,194,77,250,248,148,151,77,1689,	0,429,1624,2891,45299,69037,70501,117000,118765,119746,121195,121604,122308,131569,132886,135443,135979,136466,138805,
chrD4	21039898	21180392	XM_023243384.1	0	+	21039969	21178811	0	19	110,98,64,45,63,202,17,120,54,153,133,194,77,250,248,148,151,77,1689,	0,429,1624,2891,33528,69037,70501,117000,118765,119746,121195,121604,122308,131569,132886,135443,135979,136466,138805,
chrD4	21039898	21180392	XM_023243383.1	0	+	21039969	21178811	0	19	110,98,64,45,63,205,17,120,54,153,133,194,77,250,248,148,151,77,1689,	0,429,1624,2891,33528,69034,70501,117000,118765,119746,121195,121604,122308,131569,132886,135443,135979,136466,138805,
chrD4	21039898	21180392	XM_023243377.1	0	+	21039969	21178811	0	20	110,98,64,45,63,75,202,17,120,54,153,133,194,77,250,248,148,151,77,1689,	0,429,1624,2891,33528,45299,69037,70501,117000,118765,119746,121195,121604,122308,131569,132886,135443,135979,136466,138805,
chrD4	21039898	21180392	XM_023243376.1	0	+	21039969	21178811	0	20	110,98,64,45,63,75,205,17,120,54,153,133,194,77,250,248,148,151,77,1689,	0,429,1624,2891,33528,45299,69034,70501,117000,118765,119746,121195,121604,122308,131569,132886,135443,135979,136466,138805,
chrD4	21174988	21175379	XR_002148090.1	0	-	21175379	21175379	0	2	268,86,	0,305,
chrD4	21270699	21279361	XR_002737860.1	0	+	21279361	21279361	0	3	83,89,784,	0,277,7878,
chrD4	21270699	21300456	XR_002148092.2	0	+	21300456	21300456	0	3	83,89,186,	0,277,29571,
chrD4	21306403	21306509	XR_002737921.1	0	-	21306509	21306509	0	1	106,	0,
chrD4	21368359	21378051	XR_002737755.1	0	+	21378051	21378051	0	3	71,462,336,	0,8525,9356,
chrD4	21444581	21452780	XR_002147891.2	0	-	21452780	21452780	0	3	573,214,130,	0,1505,8069,
chrD4	21686329	21695277	XR_002148097.2	0	+	21695277	21695277	0	3	1104,34,137,	0,4199,8811,
chrX	6290494	6652656	XR_002739823.1	0	-	6652656	6652656	0	4	81,77,233,479,	0,190723,252181,361683,
chrX	6801830	7040922	XM_023249355.1	0	+	6982904	7037493	0	17	112,74,89,108,146,262,133,142,64,98,61,122,75,128,166,102,3456,	0,87157,164956,181024,209507,213418,215724,216232,217085,217263,221220,225877,228993,229448,231652,234574,235636,
chrX	6801860	7040922	XM_023249354.1	0	+	6982904	7037493	0	18	82,78,74,89,108,146,262,133,142,64,98,61,122,75,128,166,102,3456,	0,57412,87127,164926,180994,209477,213388,215694,216202,217055,217233,221190,225847,228963,229418,231622,234544,235606,
chrX	6801860	7040922	XM_023249356.1	0	+	6982904	7037493	0	19	82,78,74,89,56,108,146,262,133,142,64,98,61,122,75,128,166,102,3456,	0,57412,87127,164926,176087,180994,209477,213388,215694,216202,217055,217233,221190,225847,228963,229418,231622,234544,235606,
chrX	7027702	7095421	XM_023249358.1	0	-	7027806	7095418	0	9	187,244,118,109,110,93,95,110,367,	0,43846,46009,47461,50305,53742,60764,62143,67352,
chrX	7027901	7095420	XM_023249359.1	0	-	7028030	7095418	0	9	143,244,118,109,110,93,95,110,366,	0,43647,45810,47262,50106,53543,60565,61944,67153,
chrX	7043646	7095415	XM_023249357.1	0	-	7043932	7095322	0	9	381,244,118,109,110,93,95,110,361,	0,27902,30065,31517,34361,37798,44820,46199,51408,
chrX	7043646	7095416	XM_023249360.1	0	-	7043932	7095322	0	8	381,244,118,109,110,95,110,362,	0,27902,30065,31517,34361,44820,46199,51408,
chrX	7073332	7073523	XR_002740005.1	0	+	7073523	7073523	0	1	191,	0,
chrX	7095657	7105600	XR_002152411.2	0	+	7105600	7105600	0	4	2472,279,40,113,	0,3849,4913,9830,
chrX	7099538	7124318	XM_023249362.1	0	-	7099601	7124176	0	5	112,119,8,53,450,	0,16856,20042,23562,24330,
chrX	7104563	7124318	XM_023249361.1	0	-	7105483	7124176	0	5	1116,119,8,53,450,	0,11831,15017,18537,19305,
chrX	7104563	7124318	XR_002739897.1	0	-	7124318	7124318	0	5	792,206,119,53,450,	0,910,11831,18537,19305,
chrX	7124629	7284224	XM_023249376.1	0	+	7124644	7281733	0	9	180,152,2458,98,576,525,172,273,2758,	0,74432,98796,102785,140893,145688,147115,153616,156837,
chrX	7124629	7284224	XM_023249375.1	0	+	7124644	7281733	0	10	180,152,132,2458,98,576,525,172,270,2758,	0,74432,93259,98796,102785,140893,145688,147115,153619,156837,
chrX	7124629	7284224	XM_023249374.1	0	+	7124644	7281733	0	10	180,152,132,2458,98,576,525,172,273,2758,	0,74432,93259,98796,102785,140893,145688,147115,153616,156837,
chrX	7244773	7284224	XM_019823536.2	0	+	7266006	7281733	0	6	165,576,525,172,273,2758,	0,20749,25544,26971,33472,36693,
chrX	7293474	7296076	XM_023249177.1	0	+	7295097	7295788	0	2	2148,453,	0,2149,
chrX	7315455	7316115	XM_004000271.1	0	-	7315455	7316115	0	1	660,	0,
chrX	7355991	7475054	XM_023249413.1	0	+	7397229	7472387	0	23	136,110,204,77,80,130,147,74,243,90,566,121,75,87,193,147,152,166,165,93,228,128,2734,	0,41144,49133,59536,60996,72277,75104,79340,88907,91921,92814,98671,99827,100718,101532,103280,103759,105314,108710,111538,114166,114831,116329,
chrX	7405224	7475054	XM_023249414.1	0	+	7428281	7472387	0	19	104,130,147,74,243,90,566,121,75,87,193,147,152,166,165,93,228,128,2734,	0,23044,25871,30107,39674,42688,43581,49438,50594,51485,52299,54047,54526,56081,59477,62305,64933,65598,67096,
chrX	7496465	7559678	XM_011291605.3	0	+	7522198	7556595	0	13	145,272,155,100,188,123,207,81,546,187,399,217,3174,	0,1268,25722,28518,32997,35420,40782,41117,42173,44391,46049,53423,60039,
chrX	7496465	7559678	XM_019823537.2	0	+	7497961	7556595	0	13	145,272,169,100,188,123,207,81,546,187,399,217,3174,	0,1268,25708,28518,32997,35420,40782,41117,42173,44391,46049,53423,60039,
chrX	7496465	7559678	XM_019823538.2	0	+	7497961	7556595	0	14	145,103,272,169,100,188,123,207,81,546,187,399,217,3174,	0,758,1268,25708,28518,32997,35420,40782,41117,42173,44391,46049,53423,60039,
chrX	7496465	7559678	XR_002152419.2	0	+	7559678	7559678	0	14	145,272,169,100,188,123,207,81,546,187,399,217,825,2011,	0,1268,25708,28518,32997,35420,40782,41117,42173,44391,46049,53423,60039,61202,
chrX	7719202	7834685	XM_006943548.2	0	-	7722657	7824084	0	10	3804,208,162,144,128,149,108,96,716,127,	0,8520,12819,23956,29187,37031,46949,68764,104222,115356,
chrX	7719202	7870490	XM_004000259.4	0	-	7722657	7824084	0	10	3804,208,162,144,128,149,108,96,716,256,	0,8520,12819,23956,29187,37031,46949,68764,104222,151032,
chrX	7719202	7920468	XM_019823541.2	0	-	7722657	7824084	0	10	3804,208,162,144,128,149,108,96,716,91,	0,8520,12819,23956,29187,37031,46949,68764,104222,201175,
chrX	7719202	8069013	XM_019823540.2	0	-	7722657	7824084	0	10	3804,208,162,144,128,149,108,96,716,1481,	0,8520,12819,23956,29187,37031,46949,68764,104222,348330,
chrX	7719202	8316004	XM_019823539.2	0	-	7722657	7824084	0	13	3804,208,162,144,128,149,108,96,716,62,115,94,215,	0,8520,12819,23956,29187,37031,46949,68764,104222,403988,560603,570977,596587,
chrX	7719202	8316004	XM_019823542.2	0	-	7722657	7824084	0	13	3804,208,162,144,128,149,108,96,602,62,115,94,215,	0,8520,12819,23956,29187,37031,46949,68764,104336,403988,560603,570977,596587,
chrX	8316194	8326732	XM_004000261.5	0	+	8316923	8325556	0	7	134,144,152,149,120,87,1375,	0,697,2897,5381,6379,8521,9163,
chrX	8336729	8498876	XM_023248926.1	0	-	8338061	8407852	0	13	2006,81,269,98,180,149,151,56,196,257,72,160,610,	0,4194,7281,17599,30447,35624,36810,39680,44631,46763,53757,70984,161537,
chrX	8336729	8568005	XM_023248925.1	0	-	8338061	8565890	0	13	2006,81,269,98,180,149,151,56,196,257,72,160,2160,	0,4194,7281,17599,30447,35624,36810,39680,44631,46763,53757,70984,229116,
chrX	8336729	8785167	XM_019823543.2	0	-	8338061	8782310	0	13	2006,81,269,98,180,149,151,56,196,257,72,160,3436,	0,4194,7281,17599,30447,35624,36810,39680,44631,46763,53757,70984,445002,
chrX	8439197	8453188	XM_006943552.3	0	+	8447316	8453033	0	7	172,79,104,66,45,426,161,	0,2510,6602,8107,11511,11823,13830,
chrX	8439207	8453188	XM_006943550.3	0	+	8447316	8453033	0	7	162,104,66,48,45,426,161,	0,6592,8097,10070,11501,11813,13820,
chrX	8439207	8453188	XM_006943549.3	0	+	8447316	8453033	0	8	162,79,104,66,48,45,426,161,	0,2500,6592,8097,10070,11501,11813,13820,
chrX	8441794	8453188	XM_004000262.2	0	+	8447316	8453033	0	7	110,104,66,48,45,426,161,	0,4005,5510,7483,8914,9226,11233,
chrX	110428202	110480926	XM_019824290.1	0	+	110472898	110479824	0	12	87,159,66,236,193,56,151,149,177,98,107,1260,	0,44646,46018,46586,47070,47476,47776,48378,48703,49112,49346,51464,
chrX	110442989	110480926	XM_019824288.2	0	+	110472898	110479824	0	12	503,159,66,236,193,56,151,149,177,98,107,1260,	0,29859,31231,31799,32283,32689,32989,33591,33916,34325,34559,36677,
chrX	110449881	110480926	XM_006944008.3	0	+	110449946	110479824	0	12	123,159,66,236,193,56,151,149,177,98,107,1260,	0,22967,24339,24907,25391,25797,26097,26699,27024,27433,27667,29785,
chrX	110472594	110480926	XM_006944007.4	0	+	110472754	110479824	0	11	413,66,236,193,56,151,149,177,98,107,1260,	0,1626,2194,2678,3084,3384,3986,4311,4720,4954,7072,
chrX	110604628	110620988	XM_019824302.1	0	-	110604916	110618167	0	21	424,124,279,288,288,288,288,279,291,33,71,127,279,294,285,288,282,27,137,62,201,	0,566,1087,1478,1961,2430,3830,4704,5273,5951,6078,8009,8468,9209,9729,11933,12580,13293,13469,15958,16159,
chrX	110675888	110676794	XM_004000921.2	0	-	110675888	110676794	0	1	906,	0,
chrX	110755003	110755927	XM_004000923.1	0	-	110755003	110755927	0	1	924,	0,
chrX	110777252	110778318	XM_006944027.2	0	+	110777252	110778206	0	1	1066,	0,
chrX	110819933	110820860	XM_004000899.2	0	+	110819933	110820860	0	1	927,	0,
chrX	110884504	110893925	XM_019823455.1	0	+	110884504	110893925	0	4	116,85,668,37,	0,6400,6810,9384,
chrX	110989139	110989242	XR_002739999.1	0	-	110989242	110989242	0	1	103,	0,
chrX	111013632	111023057	XR_002739864.1	0	-	111023057	111023057	0	3	4228,125,1698,	0,5914,7727,
chrX	111046317	111050664	XR_002152765.2	0	-	111050664	111050664	0	2	1487,444,	0,3903,
chrX	111143346	111197945	XM_004000900.4	0	+	111143700	111196194	0	12	138,151,231,57,109,158,186,149,94,63,137,1776,	0,245,31630,40499,45801,45994,47547,48880,50275,50815,50961,52823,
chrX	111199494	111226333	XM_019824306.2	0	-	111200234	111221239	0	13	1805,76,69,164,96,148,115,98,79,45,43,105,925,	0,2871,3057,5072,6641,9671,10238,18632,21692,23030,24543,25409,25914,
chrX	111199494	111226333	XM_019824305.2	0	-	111200234	111221239	0	12	1805,76,69,164,96,148,115,98,79,43,105,925,	0,2871,3057,5072,6641,9671,10238,18632,21692,24543,25409,25914,
chrX	111199494	111251536	XM_019824304.2	0	-	111200234	111251494	0	12	1805,76,69,164,96,148,115,98,79,43,105,99,	0,2871,3057,5072,6641,9671,10238,18632,21692,24543,25409,51943,
chrX	111226567	111254690	XR_002739751.1	0	+	111254690	111254690	0	3	883,131,122,	0,6556,28001,
chrX	111298725	111313325	XM_023249054.1	0	-	111309658	111312615	0	4	2490,311,779,115,	0,10901,13617,14485,
chrX	111298725	111314910	XM_023249053.1	0	-	111309658	111312615	0	4	2490,311,779,241,	0,10901,13617,15944,
chrX	111313409	111418919	XR_002152770.2	0	+	111418919	111418919	0	6	726,91,179,80,90,511,	0,27785,35603,93436,95160,104999,
chrX	111313409	111418919	XR_002152768.2	0	+	111418919	111418919	0	6	726,91,229,80,90,511,	0,27785,35603,93436,95160,104999,
chrX	111340650	111418919	XR_002739796.1	0	+	111418919	111418919	0	6	263,91,229,80,90,511,	0,544,8362,66195,67919,77758,
chrX	111343544	111418919	XR_002152774.1	0	+	111418919	111418919	0	5	50,229,80,90,511,	0,5468,63301,65025,74864,
chrX	111421652	111533165	XM_019824313.2	0	-	111428840	111489806	0	7	7319,151,237,192,165,866,271,	0,14674,18179,19487,32321,67977,111242,
chrX	111428844	111533164	XM_019824312.2	0	-	111428959	111489806	0	9	127,95,36,151,237,192,165,866,270,	0,2810,5819,7482,10987,12295,25129,60785,104050,
chrX	111428857	111456834	XM_019824315.2	0	-	111430635	111454027	0	9	114,74,95,36,151,237,192,165,112,	0,1761,2797,5806,7469,10974,12282,25116,27865,
chrX	111428857	111461862	XM_019824314.2	0	-	111430635	111461784	0	9	114,74,95,36,151,237,192,165,105,	0,1761,2797,5806,7469,10974,12282,25116,32900,
chrX	111428857	111515367	XM_019824309.2	0	-	111430635	111489806	0	10	114,74,95,36,151,237,192,165,866,258,	0,1761,2797,5806,7469,10974,12282,25116,60772,86252,
chrX	111428857	111532855	XM_019824308.2	0	-	111430635	111489806	0	10	114,74,95,36,151,237,192,165,866,409,	0,1761,2797,5806,7469,10974,12282,25116,60772,103589,
chrX	111428857	111533163	XM_019824307.2	0	-	111430635	111489806	0	10	114,74,95,36,151,237,192,165,866,269,	0,1761,2797,5806,7469,10974,12282,25116,60772,104037,
chrX	111428857	111533166	XM_019824311.2	0	-	111430635	111489806	0	9	114,74,95,151,237,192,165,866,272,	0,1761,2797,7469,10974,12282,25116,60772,104037,
chrX	111428857	111534139	XM_023249052.1	0	-	111430635	111489806	0	10	114,74,95,36,151,237,192,165,866,307,	0,1761,2797,5806,7469,10974,12282,25116,60772,104975,
chrX	111443429	111449955	XR_002739798.1	0	+	111449955	111449955	0	2	107,651,	0,5875,
chrX	111533690	111655498	XR_002739797.1	0	+	111655498	111655498	0	5	99,162,236,2927,759,	0,2417,114587,115898,121049,
chrX	111672925	111964669	XM_023248922.1	0	-	111675165	111964424	0	3	3120,519,673,	0,289701,291071,
chrX	111672925	111964670	XM_023248920.1	0	-	111675165	111964424	0	5	3120,87,33,519,674,	0,46010,80776,289701,291071,
chrX	111672925	111964671	XM_023248921.1	0	-	111675165	111964424	0	4	3120,87,519,675,	0,46010,289701,291071,
chrX	112018801	112072097	XM_019824317.2	0	-	112021035	112023798	0	4	5260,46,96,87,	0,48762,49425,53209,
chrX	112244731	112354114	XM_004000909.5	0	-	112246896	112353719	0	9	2368,176,137,147,131,166,392,159,555,	0,2468,3270,4188,4435,9478,21712,37525,108828,
